1050	8	7
0.578198	0.511123	0.504075	0.000000	0.220505	0.276458	0.564312	0.520018
1	0	0	0	0	0	0
0.565892	0.508235	0.517792	0.000000	0.214432	0.276155	0.574245	0.538202
1	0	0	0	0	0	0
0.581658	0.510614	0.527036	0.000000	0.218354	0.281008	0.561898	0.514369
1	0	0	0	0	0	0
0.580967	0.507370	0.525394	0.000000	0.217091	0.276222	0.561396	0.515491
1	0	0	0	0	0	0
0.582011	0.507373	0.518359	0.000000	0.227695	0.277127	0.567217	0.519943
1	0	0	0	0	0	0
0.577007	0.509085	0.531677	0.000000	0.214767	0.278324	0.564815	0.518367
1	0	0	0	0	0	0
0.573429	0.507679	0.513123	0.000000	0.211724	0.274101	0.564831	0.517423
1	0	0	0	0	0	0
0.580873	0.506864	0.520702	0.000000	0.212146	0.275069	0.577151	0.518416
1	0	0	0	0	0	0
0.577207	0.502627	0.526224	0.000000	0.219829	0.276422	0.564260	0.520701
1	0	0	0	0	0	0
0.581150	0.508537	0.520691	0.000000	0.217097	0.280781	0.567026	0.516011
1	0	0	0	0	0	0
0.581977	0.503343	0.522436	0.000000	0.214880	0.278739	0.564448	0.519536
1	0	0	0	0	0	0
0.577206	0.506142	0.516820	0.000000	0.210362	0.275422	0.564738	0.521937
1	0	0	0	0	0	0
0.577884	0.509363	0.522408	0.000000	0.216189	0.279655	0.562955	0.519898
1	0	0	0	0	0	0
0.578286	0.510985	0.524032	0.000000	0.213081	0.279076	0.562213	0.515070
1	0	0	0	0	0	0
0.581242	0.509831	0.514663	0.000000	0.216384	0.279512	0.564278	0.513807
1	0	0	0	0	0	0
0.580340	0.504496	0.522098	0.000000	0.215478	0.276543	0.571153	0.516780
1	0	0	0	0	0	0
0.577532	0.510113	0.514899	0.000000	0.216377	0.278994	0.569018	0.539766
1	0	0	0	0	0	0
0.582506	0.507609	0.522932	0.000000	0.219047	0.278947	0.566444	0.537224
1	0	0	0	0	0	0
0.576665	0.509130	0.528789	0.000000	0.216804	0.285573	0.567619	0.512971
1	0	0	0	0	0	0
0.571157	0.502566	0.515136	0.000000	0.235742	0.266928	0.566287	0.515609
1	0	0	0	0	0	0
0.582074	0.509115	0.524802	0.000000	0.222334	0.266349	0.566436	0.519997
1	0	0	0	0	0	0
0.582683	0.509806	0.523210	0.000000	0.209342	0.323720	0.569849	0.520255
1	0	0	0	0	0	0
0.579909	0.511219	0.520428	0.000000	0.222503	0.266318	0.561265	0.515537
1	0	0	0	0	0	0
0.577910	0.507118	0.517946	0.000000	0.219942	0.228407	0.564150	0.515677
1	0	0	0	0	0	0
0.578386	0.509411	0.510473	0.000000	0.210734	0.321746	0.566558	0.517050
1	0	0	0	0	0	0
0.569615	0.504520	0.534699	0.000000	0.202353	0.308234	0.572087	0.513863
1	0	0	0	0	0	0
0.577550	0.507346	0.515682	0.000000	0.212825	0.219256	0.580057	0.516235
1	0	0	0	0	0	0
0.578048	0.507578	0.516147	0.000000	0.225516	0.290863	0.571521	0.514168
1	0	0	0	0	0	0
0.573784	0.505212	0.522024	0.000000	0.214753	0.286918	0.565344	0.539887
1	0	0	0	0	0	0
0.576689	0.507536	0.527903	0.000000	0.217831	0.270103	0.564072	0.515971
1	0	0	0	0	0	0
0.572645	0.513399	0.519236	0.000000	0.225359	0.271299	0.560861	0.517010
1	0	0	0	0	0	0
0.580223	0.505015	0.526748	0.000000	0.222926	0.277431	0.568674	0.520252
1	0	0	0	0	0	0
0.570417	0.503599	0.515844	0.000000	0.218585	0.266799	0.564060	0.516617
1	0	0	0	0	0	0
0.580289	0.509113	0.524065	0.000000	0.224136	0.274144	0.564814	0.519662
1	0	0	0	0	0	0
0.579759	0.505802	0.528183	0.000000	0.222717	0.269323	0.569739	0.521150
1	0	0	0	0	0	0
0.574949	0.504553	0.514595	0.000000	0.221447	0.269796	0.567236	0.520004
1	0	0	0	0	0	0
0.566953	0.508150	0.521875	0.000000	0.222412	0.268136	0.563912	0.518317
1	0	0	0	0	0	0
0.581357	0.507547	0.511577	0.000000	0.221253	0.272740	0.565073	0.518012
1	0	0	0	0	0	0
0.575905	0.509138	0.523404	0.000000	0.221137	0.273726	0.570997	0.517109
1	0	0	0	0	0	0
0.578555	0.508494	0.518781	0.000000	0.223668	0.273090	0.569669	0.518072
1	0	0	0	0	0	0
0.583329	0.508227	0.521315	0.000000	0.218107	0.270994	0.562718	0.517337
1	0	0	0	0	0	0
0.582118	0.509899	0.526530	0.000000	0.226511	0.276359	0.569628	0.517020
1	0	0	0	0	0	0
0.577016	0.506719	0.517953	0.000000	0.220310	0.271190	0.568985	0.517330
1	0	0	0	0	0	0
0.577357	0.509383	0.531444	0.000000	0.219574	0.275389	0.563308	0.520118
1	0	0	0	0	0	0
0.579057	0.507776	0.515093	0.000000	0.215285	0.269867	0.568843	0.513487
1	0	0	0	0	0	0
0.582668	0.506370	0.519705	0.000000	0.221223	0.278483	0.568001	0.514658
1	0	0	0	0	0	0
0.579294	0.510371	0.521128	0.000000	0.215640	0.274788	0.559500	0.503070
1	0	0	0	0	0	0
0.574852	0.509020	0.511127	0.000000	0.217125	0.276971	0.569627	0.513884
1	0	0	0	0	0	0
0.581703	0.507666	0.528038	0.000000	0.213707	0.278017	0.565277	0.521539
1	0	0	0	0	0	0
0.579246	0.511413	0.519283	0.000000	0.215065	0.282204	0.562800	0.519015
1	0	0	0	0	0	0
0.579219	0.506676	0.519443	0.000000	0.213013	0.273743	0.579102	0.516752
1	0	0	0	0	0	0
0.575551	0.509638	0.518736	0.000000	0.220391	0.274539	0.565527	0.518760
1	0	0	0	0	0	0
0.575521	0.504717	0.523007	0.000000	0.214001	0.273552	0.568890	0.518067
1	0	0	0	0	0	0
0.579612	0.508892	0.521060	0.000000	0.215623	0.275195	0.563844	0.516365
1	0	0	0	0	0	0
0.579509	0.506326	0.522320	0.000000	0.217726	0.271593	0.572096	0.518216
1	0	0	0	0	0	0
0.572419	0.511893	0.519407	0.000000	0.215543	0.277224	0.568155	0.518418
1	0	0	0	0	0	0
0.578683	0.508678	0.521274	0.000000	0.213943	0.284969	0.568984	0.518341
1	0	0	0	0	0	0
0.578570	0.510858	0.523083	0.000000	0.210706	0.277563	0.564872	0.521111
1	0	0	0	0	0	0
0.577116	0.509656	0.516346	0.000000	0.211331	0.275399	0.569873	0.515142
1	0	0	0	0	0	0
0.575548	0.512078	0.521183	0.000000	0.215327	0.273094	0.567325	0.515952
1	0	0	0	0	0	0
0.577728	0.504571	0.525973	0.000000	0.213402	0.278544	0.565071	0.515605
1	0	0	0	0	0	0
0.578271	0.516473	0.512508	0.000000	0.219887	0.276110	0.566357	0.515144
1	0	0	0	0	0	0
0.578557	0.507082	0.518955	0.000000	0.216389	0.278915	0.567985	0.518869
1	0	0	0	0	0	0
0.578668	0.510063	0.521636	0.000000	0.211826	0.281546	0.560792	0.516627
1	0	0	0	0	0	0
0.574425	0.508910	0.526529	0.000000	0.218365	0.275035	0.566077	0.516831
1	0	0	0	0	0	0
0.580192	0.511892	0.520185	0.000000	0.217323	0.274504	0.567948	0.517895
1	0	0	0	0	0	0
0.576665	0.506535	0.519424	0.000000	0.216163	0.277006	0.565440	0.520565
1	0	0	0	0	0	0
0.578526	0.508029	0.520180	0.000000	0.213959	0.271108	0.568770	0.522632
1	0	0	0	0	0	0
0.573895	0.510431	0.531697	0.000000	0.220096	0.278232	0.566844	0.516360
1	0	0	0	0	0	0
0.579089	0.509484	0.521452	0.000000	0.217437	0.274902	0.564858	0.516887
1	0	0	0	0	0	0
0.581062	0.506569	0.516777	0.000000	0.218855	0.273748	0.570184	0.517553
1	0	0	0	0	0	0
0.581239	0.507813	0.518599	0.000000	0.224382	0.275662	0.566469	0.522124
1	0	0	0	0	0	0
0.582465	0.512275	0.529454	0.000000	0.220601	0.272724	0.564739	0.516532
1	0	0	0	0	0	0
0.581397	0.510371	0.517124	0.000000	0.219989	0.284354	0.566953	0.518294
1	0	0	0	0	0	0
0.574248	0.510986	0.520262	0.000000	0.223955	0.275673	0.571265	0.519387
1	0	0	0	0	0	0
0.569109	0.509060	0.521243	0.000000	0.218315	0.274919	0.564274	0.521359
1	0	0	0	0	0	0
0.575987	0.508628	0.519032	0.000000	0.209018	0.276156	0.562625	0.516860
1	0	0	0	0	0	0
0.573335	0.505918	0.514125	0.000000	0.221216	0.277156	0.563780	0.516596
1	0	0	0	0	0	0
0.584034	0.511971	0.535124	0.000000	0.215074	0.278317	0.568055	0.520170
1	0	0	0	0	0	0
0.577297	0.508932	0.520835	0.000000	0.217214	0.273196	0.563779	0.517191
1	0	0	0	0	0	0
0.577760	0.510196	0.526556	0.000000	0.217283	0.284041	0.566673	0.517239
1	0	0	0	0	0	0
0.586847	0.505982	0.521543	0.000000	0.217351	0.280940	0.569728	0.517399
1	0	0	0	0	0	0
0.580167	0.507931	0.522932	0.000000	0.218158	0.274558	0.566796	0.518760
1	0	0	0	0	0	0
0.574599	0.509447	0.518525	0.000000	0.211464	0.277046	0.566450	0.515118
1	0	0	0	0	0	0
0.578251	0.508423	0.520463	0.000000	0.215155	0.277315	0.570397	0.518324
1	0	0	0	0	0	0
0.579417	0.508719	0.511496	0.000000	0.218353	0.277544	0.569134	0.519217
1	0	0	0	0	0	0
0.578047	0.505495	0.518290	0.000000	0.212835	0.279634	0.565214	0.517700
1	0	0	0	0	0	0
0.575736	0.507585	0.522020	0.000000	0.214930	0.278985	0.568012	0.517857
1	0	0	0	0	0	0
0.574869	0.502408	0.513388	0.000000	0.216703	0.282982	0.567509	0.522500
1	0	0	0	0	0	0
0.580926	0.508505	0.529334	0.000000	0.211383	0.266556	0.564850	0.512428
1	0	0	0	0	0	0
0.581534	0.505154	0.525961	0.000000	0.230749	0.326892	0.575299	0.516969
1	0	0	0	0	0	0
0.575321	0.511678	0.517425	0.000000	0.220426	0.246161	0.572359	0.515204
1	0	0	0	0	0	0
0.568223	0.508090	0.528487	0.000000	0.213668	0.268276	0.568131	0.519467
1	0	0	0	0	0	0
0.570672	0.511195	0.518693	0.000000	0.241648	0.347133	0.563950	0.520392
1	0	0	0	0	0	0
0.573653	0.505474	0.522019	0.000000	0.217709	0.229555	0.567838	0.520255
1	0	0	0	0	0	0
0.577097	0.510940	0.517718	0.000000	0.221610	0.259435	0.563798	0.517347
1	0	0	0	0	0	0
0.578725	0.507357	0.519130	0.000000	0.213650	0.270864	0.568000	0.516326
1	0	0	0	0	0	0
0.581899	0.509875	0.533338	0.000000	0.223359	0.343738	0.570857	0.516831
1	0	0	0	0	0	0
0.580180	0.505028	0.509828	0.000000	0.224534	0.238502	0.568516	0.536268
1	0	0	0	0	0	0
0.580931	0.512270	0.532013	0.000000	0.205091	0.273964	0.563013	0.516171
1	0	0	0	0	0	0
0.580140	0.507911	0.527986	0.000000	0.218210	0.292300	0.564771	0.516305
1	0	0	0	0	0	0
0.581127	0.509243	0.520035	0.000000	0.210892	0.261376	0.563941	0.519469
1	0	0	0	0	0	0
0.571919	0.510294	0.519472	0.000000	0.210718	0.288632	0.567936	0.518097
1	0	0	0	0	0	0
0.579504	0.506836	0.514185	0.000000	0.227822	0.316693	0.564382	0.518406
1	0	0	0	0	0	0
0.578092	0.505302	0.532332	0.000000	0.214247	0.228022	0.572931	0.518188
1	0	0	0	0	0	0
0.578908	0.508677	0.517062	0.000000	0.218508	0.280790	0.566205	0.536785
1	0	0	0	0	0	0
0.563324	0.506434	0.514145	0.000000	0.224710	0.287866	0.560459	0.519892
1	0	0	0	0	0	0
0.577160	0.507309	0.528290	0.000000	0.232769	0.304981	0.570740	0.516064
1	0	0	0	0	0	0
0.565685	0.506243	0.526820	0.000000	0.216716	0.243304	0.566177	0.516719
1	0	0	0	0	0	0
0.575588	0.506808	0.529531	0.000000	0.219620	0.294434	0.563905	0.518881
1	0	0	0	0	0	0
0.581664	0.511087	0.538806	0.000000	0.212922	0.312219	0.570744	0.518143
1	0	0	0	0	0	0
0.572754	0.508003	0.527461	0.000000	0.199878	0.292628	0.568819	0.516114
1	0	0	0	0	0	0
0.576111	0.510696	0.524839	0.000000	0.215339	0.323244	0.563424	0.517038
1	0	0	0	0	0	0
0.572780	0.509573	0.537859	0.000000	0.205267	0.285660	0.561508	0.513242
1	0	0	0	0	0	0
0.577180	0.508104	0.525156	0.000000	0.207541	0.277231	0.568671	0.515090
1	0	0	0	0	0	0
0.578184	0.506169	0.537280	0.000000	0.233358	0.310861	0.566737	0.516702
1	0	0	0	0	0	0
0.580423	0.506319	0.516494	0.000000	0.209378	0.296190	0.562260	0.521438
1	0	0	0	0	0	0
0.575641	0.506857	0.526023	0.000000	0.206526	0.288467	0.569714	0.521820
1	0	0	0	0	0	0
0.574962	0.509108	0.504550	0.000000	0.206273	0.293730	0.570805	0.520637
1	0	0	0	0	0	0
0.579994	0.507017	0.526569	0.000000	0.228759	0.326644	0.562849	0.519287
1	0	0	0	0	0	0
0.585815	0.507625	0.517876	0.000000	0.204833	0.256083	0.569978	0.517082
1	0	0	0	0	0	0
0.569182	0.509038	0.525033	0.000000	0.226724	0.323831	0.564100	0.514152
1	0	0	0	0	0	0
0.578614	0.508625	0.522752	0.000000	0.223779	0.334899	0.569009	0.513996
1	0	0	0	0	0	0
0.576407	0.510333	0.518323	0.000000	0.208219	0.264990	0.569078	0.516926
1	0	0	0	0	0	0
0.574631	0.509442	0.522858	0.000000	0.210074	0.310945	0.570151	0.522017
1	0	0	0	0	0	0
0.570284	0.509560	0.524396	0.000000	0.220174	0.343117	0.579735	0.521382
1	0	0	0	0	0	0
0.580686	0.505961	0.531796	0.000000	0.215944	0.267238	0.567375	0.516764
1	0	0	0	0	0	0
0.573138	0.508889	0.529014	0.000000	0.209376	0.277674	0.568475	0.516329
1	0	0	0	0	0	0
0.578426	0.508992	0.501758	0.000000	0.207949	0.283810	0.564247	0.515661
1	0	0	0	0	0	0
0.573156	0.505473	0.525232	0.000000	0.218527	0.286587	0.563650	0.517575
1	0	0	0	0	0	0
0.579752	0.513279	0.523874	0.000000	0.231461	0.281340	0.568573	0.517285
1	0	0	0	0	0	0
0.568568	0.503887	0.520747	0.000000	0.223127	0.284920	0.567477	0.522014
1	0	0	0	0	0	0
0.585909	0.506699	0.509565	0.000000	0.214637	0.284464	0.564484	0.516605
1	0	0	0	0	0	0
0.577641	0.507546	0.528752	0.000000	0.215089	0.293558	0.565427	0.535878
1	0	0	0	0	0	0
0.579456	0.507583	0.536641	0.000000	0.219364	0.295008	0.570532	0.518632
1	0	0	0	0	0	0
0.570710	0.505991	0.503713	0.000000	0.213426	0.302281	0.566821	0.514693
1	0	0	0	0	0	0
0.574242	0.509402	0.528807	0.000000	0.219408	0.299171	0.566298	0.515419
1	0	0	0	0	0	0
0.578512	0.510018	0.518785	0.000000	0.219613	0.309552	0.571909	0.520876
1	0	0	0	0	0	0
0.581677	0.505598	0.524128	0.000000	0.217381	0.303924	0.569748	0.517405
1	0	0	0	0	0	0
0.580254	0.507488	0.520295	0.000000	0.214025	0.307011	0.569392	0.520339
1	0	0	0	0	0	0
0.580375	0.506849	0.512733	0.000000	0.216140	0.305264	0.572241	0.515246
1	0	0	0	0	0	0
0.576403	0.509908	0.526496	0.000000	0.211962	0.309557	0.564672	0.521465
1	0	0	0	0	0	0
0.578942	0.508180	0.518764	0.000000	0.218456	0.306666	0.564653	0.539065
1	0	0	0	0	0	0
0.575917	0.509718	0.514455	0.000000	0.213679	0.304863	0.564462	0.519415
1	0	0	0	0	0	0
0.579535	0.507429	0.523019	0.000000	0.219554	0.305826	0.562916	0.520645
1	0	0	0	0	0	0
0.582067	0.506602	0.515776	0.000000	0.216988	0.303180	0.567027	0.517774
1	0	0	0	0	0	0
0.580805	0.508075	0.518713	0.000000	0.218755	0.309021	0.562728	0.514937
1	0	0	0	0	0	0
0.574204	0.507575	0.525936	0.000000	0.220827	0.303724	0.565642	0.518236
1	0	0	0	0	0	0
0.576608	0.506750	0.523169	0.000000	0.216247	0.308965	0.563957	0.517795
1	0	0	0	0	0	0
0.580375	0.507835	0.520533	0.000000	0.217562	0.312601	0.563826	0.515158
1	0	0	0	0	0	0
