900	8	6
0.602500	0.488572	0.532353	0.510741	0.582923	0.491495	0.552679	0.452833
1	0	0	0	0	0
0.599246	0.485362	0.518927	0.506083	0.591391	0.481585	0.549351	0.452679
1	0	0	0	0	0
0.598203	0.485850	0.527867	0.507768	0.576921	0.485182	0.555838	0.456560
1	0	0	0	0	0
0.599615	0.485838	0.531356	0.505889	0.590145	0.485758	0.548465	0.453407
1	0	0	0	0	0
0.591743	0.484155	0.525519	0.506325	0.584718	0.492357	0.555101	0.453240
1	0	0	0	0	0
0.600974	0.488223	0.525355	0.499123	0.581474	0.484293	0.554663	0.453519
1	0	0	0	0	0
0.601341	0.486323	0.533193	0.505668	0.582290	0.487784	0.557343	0.451535
1	0	0	0	0	0
0.599195	0.485803	0.501234	0.502699	0.574834	0.488498	0.538780	0.454001
1	0	0	0	0	0
0.590498	0.488762	0.532200	0.506396	0.587417	0.483710	0.553167	0.450621
1	0	0	0	0	0
0.595757	0.486800	0.530652	0.502330	0.589387	0.489479	0.551032	0.449426
1	0	0	0	0	0
0.597686	0.485745	0.525472	0.502274	0.582079	0.483844	0.547017	0.453437
1	0	0	0	0	0
0.599805	0.489615	0.535433	0.502969	0.589333	0.481746	0.553419	0.452317
1	0	0	0	0	0
0.597828	0.482364	0.531013	0.499428	0.588598	0.482715	0.557913	0.457245
1	0	0	0	0	0
0.599864	0.484277	0.523327	0.500468	0.587612	0.485321	0.551430	0.454388
1	0	0	0	0	0
0.598668	0.487119	0.532278	0.507582	0.579142	0.487393	0.555275	0.453359
1	0	0	0	0	0
0.599867	0.487976	0.519523	0.500155	0.585545	0.485112	0.553151	0.449822
1	0	0	0	0	0
0.592394	0.486176	0.534201	0.507228	0.578224	0.482788	0.552149	0.457841
1	0	0	0	0	0
0.599449	0.486371	0.526179	0.500554	0.588393	0.487014	0.550621	0.458177
1	0	0	0	0	0
0.596725	0.485150	0.524890	0.498138	0.589533	0.488783	0.554177	0.454957
1	0	0	0	0	0
0.599606	0.483418	0.532083	0.504844	0.590250	0.488067	0.574327	0.451700
1	0	0	0	0	0
0.595418	0.487054	0.521751	0.502574	0.580144	0.488005	0.559298	0.453469
1	0	0	0	0	0
0.599179	0.482377	0.527281	0.501063	0.578936	0.487649	0.556668	0.452677
1	0	0	0	0	0
0.596456	0.488570	0.528995	0.505073	0.589422	0.486424	0.569650	0.454894
1	0	0	0	0	0
0.611033	0.486774	0.529307	0.503578	0.581505	0.479654	0.555650	0.455349
1	0	0	0	0	0
0.596705	0.485010	0.528053	0.504745	0.590179	0.482799	0.562972	0.451414
1	0	0	0	0	0
0.603493	0.489050	0.533516	0.499290	0.582091	0.483795	0.552188	0.454545
1	0	0	0	0	0
0.602382	0.484700	0.521337	0.503712	0.584536	0.485419	0.554568	0.454756
1	0	0	0	0	0
0.599469	0.485687	0.531753	0.505219	0.584709	0.492620	0.546395	0.454949
1	0	0	0	0	0
0.600762	0.481169	0.522820	0.518339	0.589139	0.494124	0.550885	0.453189
1	0	0	0	0	0
0.596391	0.487131	0.527318	0.506541	0.585733	0.489844	0.551415	0.451857
1	0	0	0	0	0
0.600406	0.484444	0.524443	0.503414	0.578767	0.483185	0.556186	0.452215
1	0	0	0	0	0
0.592971	0.482918	0.521305	0.502810	0.579587	0.485259	0.553994	0.454063
1	0	0	0	0	0
0.602531	0.484735	0.516088	0.503388	0.583416	0.483225	0.555171	0.455098
1	0	0	0	0	0
0.614153	0.488025	0.526990	0.506108	0.588681	0.486448	0.554779	0.452354
1	0	0	0	0	0
0.577284	0.486283	0.531940	0.507258	0.584134	0.489317	0.554030	0.453340
1	0	0	0	0	0
0.598258	0.481434	0.520228	0.487814	0.583386	0.491674	0.552063	0.455103
1	0	0	0	0	0
0.598801	0.485547	0.533306	0.508968	0.581761	0.485455	0.549185	0.457691
1	0	0	0	0	0
0.600110	0.482311	0.530104	0.480884	0.577251	0.486179	0.547331	0.451765
1	0	0	0	0	0
0.596852	0.485713	0.529550	0.505801	0.588521	0.483743	0.553150	0.454940
1	0	0	0	0	0
0.596577	0.488316	0.529652	0.500234	0.590137	0.487246	0.549116	0.450050
1	0	0	0	0	0
0.599928	0.487090	0.503687	0.502981	0.590170	0.483853	0.546746	0.453481
1	0	0	0	0	0
0.602178	0.483400	0.536612	0.501272	0.580282	0.484808	0.551163	0.453671
1	0	0	0	0	0
0.596523	0.487117	0.528430	0.507519	0.578550	0.484152	0.554975	0.452912
1	0	0	0	0	0
0.596281	0.483956	0.502271	0.501096	0.580131	0.489265	0.557357	0.454656
1	0	0	0	0	0
0.596726	0.486066	0.527937	0.505622	0.589518	0.490974	0.556439	0.451360
1	0	0	0	0	0
0.601798	0.481518	0.516608	0.501777	0.588386	0.491066	0.554909	0.451777
1	0	0	0	0	0
0.590949	0.485466	0.530790	0.508065	0.585169	0.470098	0.557496	0.454064
1	0	0	0	0	0
0.599070	0.486942	0.529566	0.503014	0.584164	0.483857	0.553772	0.454869
1	0	0	0	0	0
0.603707	0.484749	0.527573	0.504294	0.584367	0.488229	0.555015	0.450681
1	0	0	0	0	0
0.595839	0.488449	0.529026	0.501605	0.591250	0.492044	0.552530	0.451529
1	0	0	0	0	0
0.599228	0.484188	0.519807	0.506240	0.589321	0.487417	0.547664	0.452930
1	0	0	0	0	0
0.602604	0.486787	0.522077	0.519565	0.579716	0.481935	0.563039	0.455547
1	0	0	0	0	0
0.602786	0.488413	0.529823	0.514089	0.585643	0.481677	0.553045	0.458472
1	0	0	0	0	0
0.596950	0.482904	0.493731	0.506108	0.585097	0.484675	0.550770	0.453014
1	0	0	0	0	0
0.598115	0.483607	0.551453	0.502821	0.593211	0.486216	0.555102	0.456868
1	0	0	0	0	0
0.602362	0.487952	0.547518	0.507102	0.583650	0.483939	0.552681	0.454169
1	0	0	0	0	0
0.602277	0.482696	0.536314	0.503116	0.581303	0.488195	0.550879	0.453620
1	0	0	0	0	0
0.602503	0.485264	0.511824	0.508155	0.583028	0.488542	0.553218	0.451587
1	0	0	0	0	0
0.601932	0.482844	0.507230	0.498056	0.585566	0.490547	0.552591	0.452566
1	0	0	0	0	0
0.601128	0.487882	0.532192	0.504490	0.584732	0.485643	0.550699	0.453548
1	0	0	0	0	0
0.599487	0.484404	0.537629	0.506172	0.579215	0.484543	0.556349	0.455677
1	0	0	0	0	0
0.611386	0.486215	0.533505	0.514962	0.576771	0.489235	0.558700	0.451192
1	0	0	0	0	0
0.601913	0.481838	0.528113	0.506269	0.573712	0.490118	0.553287	0.456093
1	0	0	0	0	0
0.596685	0.489556	0.523905	0.507503	0.578347	0.486740	0.556227	0.452615
1	0	0	0	0	0
0.593700	0.486390	0.528244	0.502461	0.587861	0.480820	0.553401	0.457258
1	0	0	0	0	0
0.603451	0.483568	0.525208	0.502757	0.582209	0.483485	0.550393	0.452797
1	0	0	0	0	0
0.599296	0.483040	0.520614	0.509841	0.577895	0.483061	0.551019	0.453908
1	0	0	0	0	0
0.601124	0.490930	0.530009	0.505944	0.585912	0.484538	0.555274	0.451206
1	0	0	0	0	0
0.599243	0.482872	0.527347	0.506701	0.584434	0.492162	0.558977	0.451979
1	0	0	0	0	0
0.593117	0.487655	0.528281	0.496908	0.584849	0.486753	0.558609	0.454981
1	0	0	0	0	0
0.597892	0.487630	0.519022	0.509158	0.578015	0.483413	0.555962	0.453001
1	0	0	0	0	0
0.597345	0.485868	0.534973	0.505259	0.589180	0.480109	0.555020	0.452200
1	0	0	0	0	0
0.594883	0.484372	0.525578	0.505876	0.588739	0.484232	0.548302	0.456854
1	0	0	0	0	0
0.599435	0.484620	0.536671	0.501936	0.591367	0.486117	0.559364	0.448544
1	0	0	0	0	0
0.601748	0.482976	0.526004	0.504166	0.591163	0.482356	0.553307	0.451831
1	0	0	0	0	0
0.610620	0.484158	0.517828	0.509310	0.586451	0.484222	0.559513	0.453777
1	0	0	0	0	0
0.594959	0.483783	0.530359	0.504498	0.582213	0.480116	0.554081	0.450224
1	0	0	0	0	0
0.598245	0.489048	0.524550	0.502831	0.580339	0.489601	0.553794	0.456701
1	0	0	0	0	0
0.594674	0.490230	0.505836	0.502108	0.579418	0.485447	0.556384	0.455865
1	0	0	0	0	0
0.593658	0.489771	0.535364	0.504207	0.572828	0.498363	0.561314	0.455219
1	0	0	0	0	0
0.596959	0.486485	0.524976	0.502468	0.577804	0.487612	0.548880	0.453608
1	0	0	0	0	0
0.594423	0.481042	0.528705	0.504893	0.596274	0.488000	0.554491	0.453941
1	0	0	0	0	0
0.594988	0.489066	0.532776	0.508064	0.592062	0.486638	0.548743	0.455080
1	0	0	0	0	0
0.595133	0.486180	0.521141	0.515878	0.577875	0.480648	0.556857	0.453229
1	0	0	0	0	0
0.598757	0.485178	0.528349	0.507518	0.595415	0.484573	0.549235	0.450991
1	0	0	0	0	0
0.601061	0.485432	0.530302	0.518767	0.588192	0.484291	0.557813	0.452041
1	0	0	0	0	0
0.594346	0.483795	0.522821	0.499534	0.599311	0.484890	0.571999	0.451985
1	0	0	0	0	0
0.592886	0.487300	0.538098	0.500553	0.581967	0.491372	0.552297	0.455332
1	0	0	0	0	0
0.602155	0.487697	0.522210	0.503820	0.583950	0.466419	0.554138	0.455094
1	0	0	0	0	0
0.601923	0.486543	0.521156	0.505935	0.578997	0.485389	0.556714	0.455944
1	0	0	0	0	0
0.597741	0.486791	0.524360	0.505894	0.577565	0.483273	0.555367	0.452061
1	0	0	0	0	0
0.586793	0.480934	0.520652	0.503829	0.594431	0.490696	0.555859	0.451122
1	0	0	0	0	0
0.603448	0.488255	0.525640	0.506045	0.594836	0.485086	0.549930	0.453920
1	0	0	0	0	0
0.601300	0.487003	0.525321	0.508735	0.582480	0.485925	0.555688	0.455484
1	0	0	0	0	0
0.594293	0.485766	0.524936	0.506783	0.582588	0.481757	0.554327	0.454132
1	0	0	0	0	0
0.596030	0.485567	0.522762	0.496692	0.581344	0.487766	0.552865	0.452642
1	0	0	0	0	0
0.596638	0.484038	0.532946	0.509555	0.585928	0.488963	0.558656	0.452773
1	0	0	0	0	0
0.601331	0.486077	0.521947	0.499686	0.584810	0.487716	0.540695	0.452144
1	0	0	0	0	0
0.597780	0.483728	0.524550	0.503360	0.586408	0.485891	0.560013	0.448239
1	0	0	0	0	0
0.596535	0.486612	0.529494	0.503350	0.586865	0.488082	0.550130	0.450323
1	0	0	0	0	0
0.607668	0.484343	0.523528	0.507031	0.587787	0.484323	0.550434	0.454786
1	0	0	0	0	0
0.613696	0.484583	0.527716	0.503253	0.580705	0.484456	0.556130	0.451954
1	0	0	0	0	0
0.600807	0.485469	0.529634	0.509622	0.588982	0.490769	0.553679	0.454410
1	0	0	0	0	0
0.596019	0.485448	0.525730	0.498840	0.579357	0.487994	0.554033	0.446939
1	0	0	0	0	0
0.594216	0.484878	0.521805	0.507244	0.574082	0.486587	0.548300	0.457209
1	0	0	0	0	0
0.613046	0.484641	0.516360	0.504675	0.576950	0.487680	0.549285	0.453808
1	0	0	0	0	0
0.603240	0.481625	0.527109	0.507850	0.591244	0.485437	0.548663	0.447361
1	0	0	0	0	0
0.601984	0.499465	0.535259	0.499678	0.591087	0.490161	0.544059	0.449607
1	0	0	0	0	0
0.598873	0.486445	0.522753	0.509617	0.578431	0.484694	0.550583	0.454597
1	0	0	0	0	0
0.602567	0.481747	0.507659	0.502685	0.583594	0.481988	0.548741	0.453384
1	0	0	0	0	0
0.599070	0.483697	0.521536	0.506439	0.591884	0.489197	0.557792	0.452801
1	0	0	0	0	0
0.595317	0.486827	0.525842	0.500156	0.591275	0.487203	0.556113	0.453463
1	0	0	0	0	0
0.599885	0.483206	0.524922	0.501539	0.579210	0.483695	0.555036	0.454188
1	0	0	0	0	0
0.594759	0.483288	0.529276	0.507324	0.574981	0.484906	0.551954	0.455920
1	0	0	0	0	0
0.602417	0.483213	0.521554	0.501585	0.581780	0.489694	0.544918	0.455384
1	0	0	0	0	0
0.598939	0.488160	0.525266	0.502544	0.584893	0.485494	0.549538	0.454956
1	0	0	0	0	0
0.593294	0.486028	0.531255	0.510719	0.582094	0.490208	0.545831	0.455377
1	0	0	0	0	0
0.602635	0.483061	0.513650	0.503008	0.575622	0.486316	0.555800	0.454461
1	0	0	0	0	0
0.597921	0.483828	0.525381	0.506925	0.575648	0.487245	0.557239	0.457169
1	0	0	0	0	0
0.596803	0.489640	0.534489	0.502269	0.580521	0.481949	0.554090	0.453629
1	0	0	0	0	0
0.599254	0.485762	0.528209	0.500615	0.584619	0.487841	0.554805	0.451736
1	0	0	0	0	0
0.596317	0.482995	0.526478	0.502952	0.587057	0.487874	0.551640	0.453152
1	0	0	0	0	0
0.600172	0.490060	0.532003	0.503170	0.585277	0.487202	0.546656	0.450250
1	0	0	0	0	0
0.596178	0.483385	0.527039	0.507651	0.579523	0.486868	0.545007	0.453785
1	0	0	0	0	0
0.611462	0.483548	0.534098	0.503037	0.579529	0.485877	0.545660	0.452930
1	0	0	0	0	0
0.599923	0.484083	0.523694	0.501334	0.590049	0.485831	0.550513	0.450757
1	0	0	0	0	0
0.594339	0.482890	0.524105	0.506991	0.587646	0.488094	0.547895	0.453439
1	0	0	0	0	0
0.598771	0.485821	0.526798	0.506309	0.578620	0.486411	0.552901	0.453631
1	0	0	0	0	0
0.594929	0.483540	0.525151	0.505490	0.586358	0.483707	0.555437	0.446871
1	0	0	0	0	0
0.599758	0.484094	0.520234	0.503465	0.589107	0.486468	0.551871	0.455631
1	0	0	0	0	0
0.591673	0.485459	0.529859	0.502146	0.590338	0.484259	0.549028	0.452941
1	0	0	0	0	0
0.597263	0.486896	0.523300	0.505044	0.585861	0.481960	0.545618	0.453182
1	0	0	0	0	0
0.603588	0.484781	0.529047	0.503761	0.581496	0.486828	0.553275	0.451427
1	0	0	0	0	0
0.597928	0.480433	0.527899	0.504112	0.584686	0.486708	0.554305	0.454888
1	0	0	0	0	0
0.595671	0.485372	0.523951	0.503289	0.589891	0.479231	0.558639	0.455611
1	0	0	0	0	0
0.597835	0.482014	0.526498	0.498659	0.592629	0.487228	0.556737	0.452591
1	0	0	0	0	0
0.599065	0.487555	0.528182	0.505213	0.590643	0.487369	0.553652	0.452794
1	0	0	0	0	0
0.603903	0.485498	0.526548	0.505251	0.581980	0.482259	0.559465	0.454678
1	0	0	0	0	0
0.601655	0.482008	0.515200	0.503761	0.580785	0.485480	0.570278	0.454179
1	0	0	0	0	0
0.596840	0.483410	0.511557	0.512111	0.587775	0.488054	0.550642	0.452615
1	0	0	0	0	0
0.602226	0.486269	0.528548	0.499763	0.585651	0.484189	0.548962	0.453248
1	0	0	0	0	0
0.600244	0.483691	0.527374	0.502541	0.587322	0.485496	0.547866	0.450935
1	0	0	0	0	0
0.592046	0.485414	0.536110	0.504636	0.581507	0.484027	0.551427	0.454978
1	0	0	0	0	0
0.597929	0.486826	0.505670	0.481520	0.593298	0.487849	0.556501	0.452628
1	0	0	0	0	0
0.598390	0.483146	0.530083	0.494650	0.565078	0.485473	0.553938	0.455305
1	0	0	0	0	0
0.603540	0.482151	0.537055	0.507403	0.577873	0.482272	0.553019	0.457963
1	0	0	0	0	0
0.596253	0.486759	0.533858	0.503373	0.581463	0.482977	0.549015	0.451435
1	0	0	0	0	0
0.598113	0.489004	0.532921	0.501273	0.585455	0.486569	0.573860	0.452631
1	0	0	0	0	0
0.597233	0.487120	0.538044	0.504067	0.591452	0.487620	0.549401	0.459534
1	0	0	0	0	0
0.592866	0.481924	0.523612	0.510189	0.586818	0.484896	0.546570	0.452683
1	0	0	0	0	0
0.629649	0.450825	0.629988	0.513942	0.655707	0.488966	0.603750	0.480769
0	1	0	0	0	0
0.626015	0.454513	0.631295	0.510104	0.645037	0.489618	0.601356	0.484386
0	1	0	0	0	0
0.624130	0.455574	0.628829	0.509809	0.657864	0.490329	0.599375	0.463505
0	1	0	0	0	0
0.624235	0.452662	0.628813	0.515420	0.659438	0.490577	0.601542	0.484195
0	1	0	0	0	0
0.621314	0.451709	0.640455	0.508538	0.652793	0.487075	0.596056	0.478566
0	1	0	0	0	0
0.629484	0.452206	0.628677	0.516257	0.648420	0.486151	0.603274	0.477344
0	1	0	0	0	0
0.633190	0.450047	0.630650	0.514064	0.656983	0.488225	0.600512	0.477670
0	1	0	0	0	0
0.622494	0.451327	0.629067	0.514192	0.646330	0.495254	0.604906	0.476899
0	1	0	0	0	0
0.627307	0.450467	0.624914	0.511198	0.648661	0.491450	0.601452	0.478645
0	1	0	0	0	0
0.630466	0.451907	0.633754	0.513163	0.647963	0.492335	0.601684	0.478006
0	1	0	0	0	0
0.627313	0.455505	0.627276	0.513915	0.666572	0.493378	0.601071	0.499165
0	1	0	0	0	0
0.632717	0.450747	0.619164	0.514233	0.652896	0.493776	0.599983	0.480814
0	1	0	0	0	0
0.627898	0.447580	0.640825	0.517100	0.646342	0.493424	0.599077	0.461934
0	1	0	0	0	0
0.630971	0.447963	0.628591	0.511155	0.644323	0.491539	0.597284	0.474859
0	1	0	0	0	0
0.625095	0.454688	0.627360	0.522651	0.660058	0.496079	0.598186	0.477757
0	1	0	0	0	0
0.626764	0.455383	0.641731	0.515009	0.656003	0.495318	0.597472	0.479191
0	1	0	0	0	0
0.631446	0.452476	0.623215	0.515240	0.651787	0.498430	0.603039	0.478216
0	1	0	0	0	0
0.622532	0.451626	0.639613	0.511928	0.646587	0.493033	0.601193	0.475713
0	1	0	0	0	0
0.629087	0.449846	0.635362	0.511420	0.642118	0.490722	0.593674	0.482327
0	1	0	0	0	0
0.619314	0.449278	0.628869	0.512450	0.645435	0.493925	0.603067	0.478586
0	1	0	0	0	0
0.625732	0.452882	0.634408	0.515503	0.654775	0.491208	0.593246	0.481912
0	1	0	0	0	0
0.627501	0.450159	0.629257	0.509083	0.649793	0.496305	0.607825	0.476409
0	1	0	0	0	0
0.624505	0.451369	0.632558	0.516374	0.643783	0.490119	0.594922	0.478757
0	1	0	0	0	0
0.628493	0.451125	0.634261	0.514911	0.650587	0.490762	0.603889	0.480529
0	1	0	0	0	0
0.627459	0.448803	0.622714	0.508880	0.669927	0.493833	0.597227	0.477671
0	1	0	0	0	0
0.629213	0.447515	0.637570	0.514691	0.638979	0.493629	0.601194	0.482070
0	1	0	0	0	0
0.623758	0.449507	0.627626	0.512183	0.648504	0.491326	0.599379	0.480761
0	1	0	0	0	0
0.627735	0.453125	0.626198	0.511968	0.666775	0.493121	0.602567	0.484518
0	1	0	0	0	0
0.630857	0.448285	0.630951	0.521120	0.647107	0.493583	0.600251	0.496315
0	1	0	0	0	0
0.625172	0.451849	0.623542	0.512603	0.645813	0.487783	0.599193	0.479449
0	1	0	0	0	0
0.628299	0.450915	0.632708	0.507889	0.634933	0.492755	0.590854	0.475959
0	1	0	0	0	0
0.622054	0.455012	0.627319	0.517119	0.655008	0.493072	0.596649	0.475719
0	1	0	0	0	0
0.627081	0.453310	0.625283	0.511515	0.646051	0.488491	0.610258	0.479130
0	1	0	0	0	0
0.629117	0.448758	0.633852	0.516299	0.647184	0.488964	0.597618	0.480566
0	1	0	0	0	0
0.623550	0.453664	0.623334	0.514143	0.664613	0.494778	0.602597	0.474811
0	1	0	0	0	0
0.629728	0.450272	0.638081	0.516830	0.652900	0.492390	0.598836	0.477648
0	1	0	0	0	0
0.631676	0.451959	0.628065	0.510909	0.644192	0.486326	0.601027	0.465085
0	1	0	0	0	0
0.621384	0.452591	0.635344	0.509305	0.668106	0.493409	0.607424	0.477343
0	1	0	0	0	0
0.624438	0.450883	0.633397	0.513804	0.647757	0.492807	0.600415	0.479262
0	1	0	0	0	0
0.634859	0.450288	0.625141	0.514631	0.650087	0.493509	0.600538	0.498876
0	1	0	0	0	0
0.622947	0.451781	0.613907	0.514899	0.659856	0.495525	0.595535	0.477042
0	1	0	0	0	0
0.629422	0.454422	0.634077	0.516318	0.655492	0.497065	0.601216	0.479442
0	1	0	0	0	0
0.617405	0.449783	0.624603	0.507205	0.652613	0.493932	0.598908	0.480483
0	1	0	0	0	0
0.630241	0.447598	0.640905	0.511897	0.644473	0.492116	0.603140	0.496607
0	1	0	0	0	0
0.627831	0.449950	0.631395	0.516334	0.650151	0.494686	0.602027	0.482091
0	1	0	0	0	0
0.628928	0.454730	0.630679	0.511323	0.651575	0.491187	0.600645	0.481407
0	1	0	0	0	0
0.626061	0.447939	0.636111	0.513913	0.643504	0.493656	0.600776	0.481252
0	1	0	0	0	0
0.627355	0.451466	0.631408	0.508394	0.646189	0.491452	0.601491	0.478884
0	1	0	0	0	0
0.626645	0.450297	0.620750	0.510021	0.639658	0.485940	0.604938	0.476118
0	1	0	0	0	0
0.628021	0.450771	0.635736	0.512778	0.650634	0.488919	0.603631	0.478493
0	1	0	0	0	0
0.623836	0.449363	0.624782	0.510813	0.654518	0.496921	0.602195	0.479269
0	1	0	0	0	0
0.629665	0.449746	0.634166	0.523125	0.645935	0.492916	0.597043	0.481434
0	1	0	0	0	0
0.620831	0.452898	0.631008	0.512115	0.643035	0.490445	0.595813	0.481425
0	1	0	0	0	0
0.622680	0.453407	0.625011	0.507939	0.645708	0.491132	0.597418	0.479502
0	1	0	0	0	0
0.627136	0.448057	0.639345	0.515731	0.655042	0.494700	0.600595	0.474748
0	1	0	0	0	0
0.628505	0.448380	0.628480	0.513652	0.648596	0.493669	0.600477	0.483942
0	1	0	0	0	0
0.630945	0.453009	0.627266	0.513201	0.644556	0.492834	0.598185	0.480737
0	1	0	0	0	0
0.631859	0.451194	0.631137	0.518909	0.657262	0.492125	0.597839	0.477269
0	1	0	0	0	0
0.617379	0.451658	0.624132	0.511295	0.649401	0.492624	0.594846	0.478299
0	1	0	0	0	0
0.625643	0.451492	0.626561	0.514005	0.652672	0.487409	0.595267	0.477625
0	1	0	0	0	0
0.629126	0.450475	0.632819	0.511263	0.652755	0.490067	0.597316	0.476382
0	1	0	0	0	0
0.622901	0.454429	0.624261	0.510957	0.658185	0.488623	0.606335	0.479114
0	1	0	0	0	0
0.625202	0.449687	0.640935	0.521377	0.650216	0.489932	0.605113	0.482287
0	1	0	0	0	0
0.631522	0.449834	0.632171	0.512538	0.641762	0.491131	0.602440	0.495641
0	1	0	0	0	0
0.626396	0.452032	0.631990	0.512179	0.656010	0.491557	0.606065	0.479739
0	1	0	0	0	0
0.620435	0.451144	0.632794	0.513827	0.640742	0.489211	0.595431	0.480436
0	1	0	0	0	0
0.625268	0.450271	0.638130	0.518093	0.648239	0.490200	0.599413	0.480273
0	1	0	0	0	0
0.625018	0.448128	0.622476	0.512315	0.653602	0.494209	0.591142	0.478080
0	1	0	0	0	0
0.627792	0.452070	0.645332	0.516476	0.647443	0.492292	0.602534	0.476396
0	1	0	0	0	0
0.626730	0.450994	0.649056	0.513710	0.647699	0.491524	0.605793	0.478231
0	1	0	0	0	0
0.626062	0.450164	0.628337	0.509881	0.649529	0.488820	0.598184	0.480464
0	1	0	0	0	0
0.629472	0.449703	0.638565	0.514382	0.651047	0.495688	0.603098	0.476684
0	1	0	0	0	0
0.624910	0.450326	0.626814	0.514856	0.657895	0.491305	0.603440	0.479832
0	1	0	0	0	0
0.630880	0.449073	0.629955	0.511625	0.640419	0.490505	0.603334	0.475908
0	1	0	0	0	0
0.623873	0.454343	0.632896	0.510187	0.643562	0.490583	0.598771	0.484403
0	1	0	0	0	0
0.628977	0.450956	0.631302	0.513744	0.654040	0.492224	0.599188	0.478548
0	1	0	0	0	0
0.623077	0.449383	0.630590	0.512537	0.658296	0.493351	0.599923	0.495434
0	1	0	0	0	0
0.622461	0.450367	0.633219	0.516010	0.652213	0.494329	0.599588	0.480792
0	1	0	0	0	0
0.622062	0.451781	0.621568	0.513198	0.645301	0.487504	0.601870	0.481631
0	1	0	0	0	0
0.622566	0.451156	0.638845	0.516224	0.664289	0.488384	0.609610	0.480414
0	1	0	0	0	0
0.623535	0.449939	0.624470	0.516934	0.659084	0.494872	0.596747	0.477073
0	1	0	0	0	0
0.629239	0.449987	0.628977	0.511496	0.659467	0.492898	0.598679	0.480276
0	1	0	0	0	0
0.619281	0.453327	0.632422	0.515557	0.646696	0.490517	0.599708	0.480421
0	1	0	0	0	0
0.633014	0.448350	0.630925	0.510149	0.655183	0.491792	0.603792	0.475656
0	1	0	0	0	0
0.629171	0.447353	0.639700	0.516450	0.657802	0.492782	0.598609	0.474632
0	1	0	0	0	0
0.619356	0.447939	0.630180	0.515723	0.654597	0.494154	0.594287	0.478350
0	1	0	0	0	0
0.625608	0.448691	0.616812	0.513951	0.653263	0.487673	0.600889	0.479554
0	1	0	0	0	0
0.629169	0.450113	0.638022	0.515294	0.659619	0.486192	0.602748	0.478859
0	1	0	0	0	0
0.629227	0.452970	0.624573	0.509162	0.655566	0.490650	0.599101	0.480277
0	1	0	0	0	0
0.620650	0.453256	0.629324	0.518577	0.647610	0.489087	0.603687	0.479780
0	1	0	0	0	0
0.619717	0.449517	0.630870	0.513288	0.651403	0.490927	0.603599	0.481765
0	1	0	0	0	0
0.627801	0.448206	0.631582	0.512009	0.652736	0.490353	0.599390	0.477909
0	1	0	0	0	0
0.629347	0.448779	0.628496	0.512930	0.655382	0.490058	0.599051	0.479631
0	1	0	0	0	0
0.627087	0.449701	0.625085	0.509683	0.645754	0.489824	0.598708	0.480287
0	1	0	0	0	0
0.624827	0.452874	0.629276	0.513888	0.652923	0.492124	0.604821	0.481173
0	1	0	0	0	0
0.625136	0.451147	0.629060	0.513015	0.651056	0.494644	0.593747	0.479960
0	1	0	0	0	0
0.630137	0.453431	0.622880	0.508882	0.640121	0.489660	0.598642	0.482771
0	1	0	0	0	0
0.630145	0.450566	0.631388	0.513828	0.643607	0.487852	0.597710	0.499016
0	1	0	0	0	0
0.621016	0.453827	0.635927	0.514899	0.656910	0.495402	0.596551	0.481734
0	1	0	0	0	0
0.622670	0.451739	0.630396	0.509682	0.654548	0.490910	0.600809	0.478598
0	1	0	0	0	0
0.626476	0.450398	0.629315	0.515247	0.640897	0.489623	0.603536	0.478618
0	1	0	0	0	0
0.631682	0.448972	0.626560	0.507844	0.644267	0.492423	0.596428	0.473561
0	1	0	0	0	0
0.628609	0.450508	0.629254	0.500307	0.654943	0.489937	0.613829	0.480930
0	1	0	0	0	0
0.628121	0.448478	0.632302	0.514835	0.652401	0.487670	0.596991	0.478135
0	1	0	0	0	0
0.628434	0.448795	0.632581	0.511794	0.643817	0.489905	0.600235	0.477516
0	1	0	0	0	0
0.624388	0.453116	0.624328	0.512367	0.650512	0.485750	0.594923	0.474293
0	1	0	0	0	0
0.628809	0.449224	0.630481	0.512170	0.652501	0.492702	0.600233	0.480682
0	1	0	0	0	0
0.626535	0.447904	0.634923	0.507588	0.654990	0.493639	0.598207	0.481378
0	1	0	0	0	0
0.633341	0.448394	0.628552	0.520062	0.650139	0.492404	0.598205	0.480805
0	1	0	0	0	0
0.629083	0.450782	0.638937	0.512488	0.648998	0.486076	0.602304	0.482215
0	1	0	0	0	0
0.621211	0.450212	0.622860	0.511664	0.657786	0.496226	0.604291	0.480247
0	1	0	0	0	0
0.628158	0.452748	0.632155	0.512292	0.654399	0.492070	0.598200	0.479621
0	1	0	0	0	0
0.628545	0.447361	0.634136	0.518791	0.640998	0.490066	0.594756	0.478296
0	1	0	0	0	0
0.633095	0.449325	0.627274	0.513290	0.655201	0.487804	0.599563	0.478950
0	1	0	0	0	0
0.625101	0.449337	0.631919	0.518360	0.653191	0.490328	0.601114	0.482897
0	1	0	0	0	0
0.625905	0.448587	0.637621	0.513870	0.631513	0.493025	0.601572	0.479367
0	1	0	0	0	0
0.619244	0.454317	0.631059	0.512279	0.651130	0.489031	0.602903	0.480556
0	1	0	0	0	0
0.628583	0.451324	0.633684	0.518472	0.652542	0.491682	0.604374	0.482921
0	1	0	0	0	0
0.629536	0.450529	0.627310	0.510681	0.665373	0.488371	0.600411	0.479456
0	1	0	0	0	0
0.628956	0.449628	0.628151	0.520311	0.658905	0.491913	0.600749	0.478040
0	1	0	0	0	0
0.624705	0.456021	0.633817	0.511622	0.653136	0.490255	0.597135	0.480727
0	1	0	0	0	0
0.629062	0.450592	0.621762	0.511993	0.650623	0.488205	0.600157	0.480955
0	1	0	0	0	0
0.624687	0.451929	0.628826	0.530540	0.650798	0.487992	0.602819	0.480730
0	1	0	0	0	0
0.626002	0.451244	0.622241	0.514713	0.657604	0.493103	0.604225	0.478780
0	1	0	0	0	0
0.624299	0.454058	0.625274	0.513552	0.646660	0.490963	0.602311	0.481943
0	1	0	0	0	0
0.634757	0.448389	0.628777	0.511560	0.648807	0.489381	0.596898	0.479631
0	1	0	0	0	0
0.629998	0.448414	0.634943	0.508246	0.641729	0.492822	0.602685	0.480287
0	1	0	0	0	0
0.629149	0.451533	0.627557	0.511986	0.649338	0.490928	0.598017	0.480079
0	1	0	0	0	0
0.622450	0.450120	0.636576	0.513036	0.656937	0.489659	0.603287	0.476578
0	1	0	0	0	0
0.633643	0.446177	0.627434	0.514798	0.640905	0.493577	0.600946	0.479813
0	1	0	0	0	0
0.624829	0.448153	0.632720	0.509125	0.649594	0.487788	0.601556	0.479434
0	1	0	0	0	0
0.624904	0.449104	0.632558	0.515702	0.655354	0.484663	0.600981	0.482514
0	1	0	0	0	0
0.621419	0.454289	0.624396	0.513806	0.656410	0.491102	0.601610	0.482961
0	1	0	0	0	0
0.628886	0.448927	0.637814	0.513812	0.647602	0.487021	0.596787	0.479148
0	1	0	0	0	0
0.628389	0.450580	0.630799	0.507750	0.642543	0.488371	0.593432	0.478736
0	1	0	0	0	0
0.627118	0.450277	0.633785	0.513472	0.657264	0.489425	0.598160	0.477906
0	1	0	0	0	0
0.627745	0.450862	0.628114	0.514656	0.657557	0.495845	0.599950	0.476285
0	1	0	0	0	0
0.625771	0.451239	0.630604	0.510297	0.654875	0.495512	0.601012	0.473389
0	1	0	0	0	0
0.622239	0.454961	0.641037	0.513887	0.646611	0.492180	0.599816	0.478359
0	1	0	0	0	0
0.625164	0.449431	0.638933	0.515058	0.660190	0.494555	0.593694	0.476492
0	1	0	0	0	0
0.627137	0.450302	0.621553	0.511072	0.647164	0.493418	0.603440	0.479803
0	1	0	0	0	0
0.627061	0.452039	0.637074	0.512613	0.647422	0.493552	0.607282	0.482871
0	1	0	0	0	0
0.628259	0.451999	0.634011	0.512323	0.660640	0.493217	0.602845	0.479197
0	1	0	0	0	0
0.619110	0.453838	0.632944	0.513323	0.654826	0.491594	0.605192	0.482423
0	1	0	0	0	0
0.627837	0.450903	0.634678	0.512020	0.642210	0.493159	0.599914	0.480942
0	1	0	0	0	0
0.627437	0.450282	0.628558	0.514176	0.645075	0.497743	0.596275	0.478033
0	1	0	0	0	0
0.628674	0.448796	0.630141	0.514850	0.638336	0.495954	0.598618	0.479772
0	1	0	0	0	0
0.623375	0.453686	0.634711	0.517716	0.641207	0.492270	0.602292	0.463623
0	1	0	0	0	0
0.627165	0.451818	0.623725	0.513172	0.643404	0.490377	0.603207	0.476897
0	1	0	0	0	0
0.630260	0.450400	0.642809	0.517089	0.648842	0.488373	0.600530	0.477531
0	1	0	0	0	0
0.688387	0.424216	0.569014	0.496061	0.622716	0.488652	0.643877	0.544840
0	0	1	0	0	0
0.688048	0.423910	0.570408	0.498012	0.619788	0.490401	0.651197	0.545530
0	0	1	0	0	0
0.693114	0.426348	0.564770	0.501953	0.624172	0.489948	0.650395	0.547806
0	0	1	0	0	0
0.690717	0.424419	0.570731	0.518183	0.614165	0.491026	0.650677	0.549975
0	0	1	0	0	0
0.688322	0.423500	0.554682	0.497930	0.615909	0.488107	0.651458	0.546790
0	0	1	0	0	0
0.687295	0.426072	0.555606	0.499921	0.622304	0.493858	0.648318	0.544534
0	0	1	0	0	0
0.695379	0.440785	0.571566	0.499923	0.624606	0.493332	0.655684	0.542675
0	0	1	0	0	0
0.689806	0.427508	0.560952	0.497592	0.620203	0.496655	0.651879	0.546159
0	0	1	0	0	0
0.694075	0.422559	0.564353	0.498053	0.614404	0.489790	0.649593	0.544605
0	0	1	0	0	0
0.690100	0.426192	0.563969	0.500475	0.627439	0.488582	0.656666	0.547308
0	0	1	0	0	0
0.688470	0.424413	0.566772	0.502770	0.625057	0.488849	0.653011	0.544915
0	0	1	0	0	0
0.688503	0.426287	0.560506	0.499847	0.620822	0.496914	0.650141	0.543378
0	0	1	0	0	0
0.689013	0.424226	0.573307	0.500550	0.627236	0.489367	0.651512	0.542205
0	0	1	0	0	0
0.693443	0.424338	0.563402	0.496685	0.620826	0.490059	0.645242	0.548627
0	0	1	0	0	0
0.694541	0.426342	0.573308	0.495353	0.618610	0.490359	0.639350	0.543675
0	0	1	0	0	0
0.689055	0.423550	0.565550	0.500393	0.629311	0.489386	0.652649	0.548442
0	0	1	0	0	0
0.691977	0.427674	0.566622	0.501099	0.625521	0.494501	0.649940	0.545790
0	0	1	0	0	0
0.691281	0.421886	0.572713	0.498547	0.622613	0.495294	0.651532	0.546211
0	0	1	0	0	0
0.694076	0.428443	0.555244	0.494580	0.616091	0.489878	0.654248	0.542077
0	0	1	0	0	0
0.689222	0.426451	0.574301	0.500236	0.632548	0.491470	0.650098	0.540514
0	0	1	0	0	0
0.689997	0.424951	0.566317	0.499205	0.627918	0.496122	0.650886	0.547718
0	0	1	0	0	0
0.692183	0.426684	0.563416	0.496544	0.620476	0.489878	0.645223	0.542458
0	0	1	0	0	0
0.701083	0.426801	0.575444	0.500000	0.617647	0.486889	0.651940	0.546809
0	0	1	0	0	0
0.687177	0.426314	0.574347	0.500542	0.623703	0.487307	0.654416	0.544504
0	0	1	0	0	0
0.690792	0.425670	0.558298	0.494549	0.617707	0.486395	0.652618	0.545103
0	0	1	0	0	0
0.687959	0.425128	0.573998	0.503008	0.620977	0.494937	0.653472	0.547549
0	0	1	0	0	0
0.686624	0.426782	0.567460	0.496473	0.627639	0.493793	0.649413	0.545201
0	0	1	0	0	0
0.683721	0.427696	0.560507	0.498050	0.617051	0.491090	0.645420	0.545382
0	0	1	0	0	0
0.694462	0.430944	0.568049	0.518068	0.619917	0.488512	0.645767	0.549035
0	0	1	0	0	0
0.689741	0.422821	0.567383	0.518868	0.625556	0.491120	0.663020	0.545885
0	0	1	0	0	0
0.691052	0.425643	0.557977	0.498049	0.619025	0.492072	0.644730	0.547282
0	0	1	0	0	0
0.692482	0.425602	0.569758	0.503276	0.615262	0.489204	0.647166	0.548014
0	0	1	0	0	0
0.691178	0.428769	0.558203	0.494759	0.614639	0.492822	0.648823	0.542272
0	0	1	0	0	0
0.688151	0.427227	0.570946	0.498722	0.621604	0.493744	0.649617	0.545893
0	0	1	0	0	0
0.685830	0.424974	0.561352	0.504474	0.622629	0.499009	0.650861	0.546954
0	0	1	0	0	0
0.697658	0.424011	0.568180	0.500305	0.614367	0.492449	0.651763	0.542628
0	0	1	0	0	0
0.693463	0.426637	0.568042	0.498788	0.620100	0.489363	0.650836	0.546548
0	0	1	0	0	0
0.689032	0.423551	0.565927	0.499123	0.619993	0.489844	0.646055	0.546167
0	0	1	0	0	0
0.691624	0.426768	0.563192	0.514282	0.628258	0.489230	0.648543	0.541800
0	0	1	0	0	0
0.689054	0.430529	0.569910	0.480223	0.627990	0.492359	0.653360	0.545581
0	0	1	0	0	0
0.693618	0.426411	0.565056	0.498364	0.624516	0.489103	0.655539	0.547252
0	0	1	0	0	0
0.688343	0.424991	0.556222	0.498045	0.618753	0.490852	0.664561	0.542875
0	0	1	0	0	0
0.689690	0.426176	0.570107	0.502268	0.614555	0.491270	0.650863	0.546773
0	0	1	0	0	0
0.695597	0.424952	0.562249	0.506655	0.613810	0.488603	0.653029	0.544586
0	0	1	0	0	0
0.693792	0.429142	0.560741	0.502715	0.620564	0.490239	0.653781	0.549943
0	0	1	0	0	0
0.695184	0.425035	0.563512	0.501863	0.625210	0.489087	0.652904	0.547582
0	0	1	0	0	0
0.692780	0.421103	0.571944	0.494051	0.629604	0.491959	0.651288	0.546008
0	0	1	0	0	0
0.689011	0.406719	0.563657	0.495336	0.618660	0.488043	0.636353	0.545083
0	0	1	0	0	0
0.692048	0.429278	0.565359	0.499451	0.616798	0.491292	0.646391	0.539023
0	0	1	0	0	0
0.693207	0.429460	0.562692	0.491694	0.622528	0.492809	0.653493	0.541515
0	0	1	0	0	0
0.691942	0.422275	0.568660	0.500235	0.625395	0.490335	0.654753	0.549427
0	0	1	0	0	0
0.685857	0.425475	0.569555	0.504354	0.615338	0.492999	0.632516	0.544623
0	0	1	0	0	0
0.693608	0.420376	0.563143	0.493048	0.612440	0.490532	0.651792	0.544809
0	0	1	0	0	0
0.693121	0.424584	0.562868	0.498419	0.614919	0.491712	0.652077	0.544415
0	0	1	0	0	0
0.687485	0.424262	0.572756	0.497467	0.623115	0.492964	0.657269	0.544478
0	0	1	0	0	0
0.687589	0.431473	0.566188	0.502675	0.625065	0.491195	0.651459	0.545506
0	0	1	0	0	0
0.692227	0.427243	0.568807	0.497066	0.619243	0.499022	0.649044	0.543270
0	0	1	0	0	0
0.689139	0.424461	0.567784	0.499295	0.619737	0.490004	0.655399	0.545003
0	0	1	0	0	0
0.691237	0.424527	0.565110	0.497912	0.625168	0.488369	0.650939	0.546149
0	0	1	0	0	0
0.691754	0.426022	0.581307	0.497838	0.629177	0.490350	0.658046	0.550805
0	0	1	0	0	0
0.693913	0.424275	0.571030	0.502173	0.630367	0.488853	0.650510	0.543975
0	0	1	0	0	0
0.688279	0.430652	0.573274	0.498358	0.616234	0.487229	0.647282	0.546425
0	0	1	0	0	0
0.691989	0.442700	0.569992	0.481811	0.614998	0.488946	0.639840	0.542931
0	0	1	0	0	0
0.692145	0.429287	0.567983	0.520111	0.620496	0.492294	0.650640	0.545197
0	0	1	0	0	0
0.698743	0.427095	0.558991	0.503503	0.616897	0.492351	0.655035	0.545721
0	0	1	0	0	0
0.696342	0.423246	0.560721	0.480122	0.616914	0.491922	0.660659	0.544322
0	0	1	0	0	0
0.689320	0.406185	0.568090	0.503636	0.614670	0.493072	0.648635	0.546194
0	0	1	0	0	0
0.695492	0.422790	0.564757	0.499923	0.613915	0.490393	0.643183	0.543892
0	0	1	0	0	0
0.701234	0.419221	0.566590	0.498978	0.619211	0.492405	0.647370	0.543380
0	0	1	0	0	0
0.693427	0.422174	0.561944	0.503849	0.623113	0.490204	0.652610	0.544860
0	0	1	0	0	0
0.690876	0.423120	0.568885	0.499453	0.622213	0.492619	0.654884	0.546622
0	0	1	0	0	0
0.691565	0.425553	0.569816	0.500392	0.618805	0.491532	0.637295	0.542721
0	0	1	0	0	0
0.693188	0.428713	0.579589	0.492992	0.620247	0.489480	0.650109	0.543855
0	0	1	0	0	0
0.700896	0.425940	0.561425	0.500239	0.618839	0.492647	0.650087	0.546958
0	0	1	0	0	0
0.691701	0.428198	0.572529	0.501339	0.622590	0.493083	0.653042	0.545152
0	0	1	0	0	0
0.691047	0.423816	0.562314	0.500232	0.620152	0.491823	0.643075	0.545780
0	0	1	0	0	0
0.692390	0.422519	0.566284	0.500240	0.611221	0.493639	0.643735	0.548474
0	0	1	0	0	0
0.685605	0.427119	0.570493	0.503015	0.626415	0.495013	0.647721	0.544268
0	0	1	0	0	0
0.690485	0.422395	0.553080	0.491996	0.621323	0.488795	0.650108	0.546419
0	0	1	0	0	0
0.690550	0.428504	0.570504	0.502660	0.618239	0.494333	0.650123	0.546868
0	0	1	0	0	0
0.700598	0.422942	0.577036	0.518975	0.619671	0.488335	0.647773	0.547088
0	0	1	0	0	0
0.688411	0.429098	0.551399	0.498055	0.618420	0.488663	0.650726	0.548684
0	0	1	0	0	0
0.691239	0.422295	0.570474	0.504274	0.624410	0.490454	0.655599	0.548082
0	0	1	0	0	0
0.689423	0.429848	0.570013	0.500467	0.623743	0.490675	0.646524	0.541867
0	0	1	0	0	0
0.687221	0.424298	0.557502	0.501828	0.620632	0.487588	0.662437	0.543264
0	0	1	0	0	0
0.694257	0.425293	0.568389	0.503756	0.620292	0.490665	0.649204	0.544270
0	0	1	0	0	0
0.689681	0.429402	0.566696	0.501733	0.626155	0.490396	0.645169	0.541951
0	0	1	0	0	0
0.688773	0.431749	0.554526	0.503516	0.611678	0.491645	0.645183	0.545021
0	0	1	0	0	0
0.689915	0.425801	0.567553	0.501908	0.612914	0.494506	0.651259	0.544732
0	0	1	0	0	0
0.695644	0.426012	0.570507	0.498610	0.632437	0.493769	0.647658	0.545460
0	0	1	0	0	0
0.693326	0.425151	0.558105	0.496819	0.620608	0.492999	0.632488	0.548044
0	0	1	0	0	0
0.697013	0.424162	0.569297	0.499589	0.628318	0.491323	0.647870	0.549495
0	0	1	0	0	0
0.695591	0.424723	0.567275	0.499767	0.613753	0.487817	0.647873	0.541101
0	0	1	0	0	0
0.690795	0.422325	0.565337	0.498608	0.620231	0.493931	0.649227	0.547039
0	0	1	0	0	0
0.691025	0.426558	0.568744	0.499289	0.620348	0.491375	0.643664	0.545704
0	0	1	0	0	0
0.694421	0.423488	0.571625	0.497724	0.621461	0.492808	0.651620	0.544411
0	0	1	0	0	0
0.689475	0.441546	0.567461	0.496126	0.614735	0.491838	0.655652	0.548729
0	0	1	0	0	0
0.691777	0.424628	0.564791	0.481710	0.611005	0.492823	0.654670	0.546429
0	0	1	0	0	0
0.692417	0.422423	0.555782	0.496757	0.615887	0.491225	0.646135	0.548234
0	0	1	0	0	0
0.692288	0.423746	0.571967	0.498235	0.631715	0.493138	0.650813	0.543781
0	0	1	0	0	0
0.690850	0.421436	0.561110	0.482850	0.622793	0.496486	0.635387	0.542160
0	0	1	0	0	0
0.691386	0.421397	0.565218	0.499078	0.617893	0.491030	0.642672	0.544677
0	0	1	0	0	0
0.685279	0.428735	0.570092	0.516883	0.611331	0.493669	0.648541	0.548774
0	0	1	0	0	0
0.695058	0.419083	0.562320	0.499087	0.623895	0.492830	0.650353	0.543462
0	0	1	0	0	0
0.689376	0.428936	0.559640	0.502489	0.617899	0.491033	0.646713	0.546288
0	0	1	0	0	0
0.690022	0.427055	0.564243	0.495522	0.621794	0.489732	0.654778	0.545049
0	0	1	0	0	0
0.696207	0.441655	0.569636	0.501102	0.621365	0.492388	0.648910	0.542846
0	0	1	0	0	0
0.695316	0.430421	0.573424	0.501131	0.623921	0.489087	0.648973	0.542871
0	0	1	0	0	0
0.688595	0.424575	0.557397	0.496651	0.630371	0.487624	0.653445	0.545646
0	0	1	0	0	0
0.693209	0.424595	0.564410	0.495429	0.624875	0.492318	0.655056	0.545668
0	0	1	0	0	0
0.693420	0.422571	0.555826	0.500641	0.625230	0.492284	0.656976	0.547912
0	0	1	0	0	0
0.688406	0.427875	0.558335	0.497024	0.624336	0.490007	0.651158	0.541719
0	0	1	0	0	0
0.689366	0.424681	0.563200	0.499624	0.621933	0.492181	0.639359	0.543635
0	0	1	0	0	0
0.688852	0.427328	0.571079	0.499921	0.622902	0.493599	0.645547	0.541489
0	0	1	0	0	0
0.694860	0.426160	0.563049	0.514671	0.620261	0.492232	0.633520	0.545833
0	0	1	0	0	0
0.690885	0.426003	0.559435	0.499920	0.622419	0.486011	0.650402	0.544483
0	0	1	0	0	0
0.687763	0.427832	0.572947	0.501963	0.626953	0.491643	0.649047	0.544992
0	0	1	0	0	0
0.691787	0.424086	0.540755	0.497290	0.614601	0.491112	0.646695	0.543451
0	0	1	0	0	0
0.688550	0.429470	0.567321	0.500392	0.615652	0.491462	0.652943	0.544013
0	0	1	0	0	0
0.692722	0.422129	0.567707	0.501097	0.622230	0.491967	0.647356	0.545301
0	0	1	0	0	0
0.689127	0.424758	0.558744	0.497283	0.619862	0.491628	0.651108	0.547837
0	0	1	0	0	0
0.686267	0.429572	0.571229	0.500478	0.613608	0.490877	0.654243	0.545121
0	0	1	0	0	0
0.695808	0.427472	0.565184	0.500883	0.619710	0.490566	0.650296	0.548092
0	0	1	0	0	0
0.691431	0.428818	0.565788	0.497670	0.626708	0.491042	0.649169	0.543707
0	0	1	0	0	0
0.695191	0.423247	0.569323	0.502924	0.623449	0.490974	0.651353	0.543072
0	0	1	0	0	0
0.691563	0.421953	0.559791	0.493964	0.619780	0.488518	0.650962	0.547707
0	0	1	0	0	0
0.691022	0.427430	0.571282	0.500233	0.618738	0.492478	0.646439	0.546173
0	0	1	0	0	0
0.690833	0.424446	0.573072	0.500240	0.625248	0.491462	0.648970	0.541415
0	0	1	0	0	0
0.689753	0.427947	0.565321	0.499232	0.625159	0.496384	0.650415	0.543935
0	0	1	0	0	0
0.693219	0.424279	0.571531	0.519249	0.628021	0.493690	0.649889	0.543992
0	0	1	0	0	0
0.692444	0.420224	0.567020	0.502663	0.616854	0.489514	0.646606	0.542877
0	0	1	0	0	0
0.690281	0.423665	0.564731	0.481907	0.616557	0.490709	0.656304	0.547315
0	0	1	0	0	0
0.693877	0.422115	0.571774	0.481738	0.622730	0.490842	0.641584	0.543946
0	0	1	0	0	0
0.692060	0.429507	0.553600	0.499763	0.627986	0.496108	0.647681	0.547908
0	0	1	0	0	0
0.694053	0.425985	0.572858	0.503216	0.620923	0.494002	0.653553	0.546631
0	0	1	0	0	0
0.676034	0.424162	0.570029	0.514294	0.620390	0.490898	0.644355	0.543820
0	0	1	0	0	0
0.694643	0.423350	0.565352	0.497274	0.612129	0.491462	0.649616	0.549627
0	0	1	0	0	0
0.693625	0.424822	0.571496	0.497388	0.626541	0.490276	0.647719	0.546408
0	0	1	0	0	0
0.691211	0.425908	0.577153	0.501079	0.628539	0.486948	0.652535	0.545583
0	0	1	0	0	0
0.698666	0.428627	0.559211	0.499687	0.624747	0.490565	0.652079	0.543000
0	0	1	0	0	0
0.690011	0.426004	0.574612	0.501888	0.624776	0.489789	0.651543	0.545274
0	0	1	0	0	0
0.690053	0.422292	0.560529	0.493458	0.623527	0.488677	0.634050	0.542132
0	0	1	0	0	0
0.686090	0.428941	0.569842	0.499922	0.629176	0.493006	0.649877	0.545400
0	0	1	0	0	0
0.689929	0.425375	0.565927	0.501028	0.624064	0.490519	0.651300	0.544146
0	0	1	0	0	0
0.689966	0.424850	0.567459	0.504256	0.616303	0.489088	0.649386	0.542995
0	0	1	0	0	0
0.688151	0.426836	0.570391	0.492666	0.620309	0.490704	0.648819	0.542563
0	0	1	0	0	0
0.691629	0.424193	0.559947	0.497564	0.626180	0.493137	0.651231	0.542331
0	0	1	0	0	0
0.692110	0.424091	0.560827	0.493272	0.622393	0.488589	0.651598	0.542252
0	0	1	0	0	0
0.689997	0.425573	0.579224	0.503920	0.625867	0.492517	0.650452	0.543491
0	0	1	0	0	0
0.691361	0.428861	0.563003	0.497756	0.622452	0.488909	0.647708	0.541458
0	0	1	0	0	0
0.670704	0.536864	0.559169	0.516658	0.610595	0.463223	0.629292	0.414722
0	0	0	1	0	0
0.673063	0.533921	0.550911	0.511276	0.627170	0.481131	0.628082	0.415506
0	0	0	1	0	0
0.651058	0.535773	0.560858	0.512978	0.617087	0.486902	0.644281	0.416131
0	0	0	1	0	0
0.668602	0.535477	0.550938	0.515025	0.611692	0.480114	0.631081	0.416390
0	0	0	1	0	0
0.672913	0.535046	0.541952	0.510993	0.610749	0.485728	0.648413	0.419527
0	0	0	1	0	0
0.673199	0.533022	0.561539	0.517252	0.614872	0.483047	0.629093	0.415661
0	0	0	1	0	0
0.665938	0.536006	0.558686	0.508921	0.607370	0.488118	0.627260	0.416580
0	0	0	1	0	0
0.673172	0.530310	0.554270	0.510350	0.612175	0.482273	0.630022	0.410025
0	0	0	1	0	0
0.671485	0.535681	0.575792	0.518662	0.629078	0.481870	0.630484	0.415676
0	0	0	1	0	0
0.666323	0.533891	0.556244	0.507968	0.621653	0.482718	0.637294	0.413778
0	0	0	1	0	0
0.672083	0.530770	0.555240	0.513804	0.619963	0.483487	0.635505	0.418930
0	0	0	1	0	0
0.668350	0.533315	0.565924	0.513406	0.619804	0.479927	0.628777	0.414416
0	0	0	1	0	0
0.674372	0.533869	0.546065	0.512794	0.612547	0.480023	0.617042	0.415756
0	0	0	1	0	0
0.668318	0.532255	0.558219	0.508228	0.614329	0.480855	0.629340	0.414866
0	0	0	1	0	0
0.671770	0.534593	0.562080	0.508842	0.615328	0.480347	0.638692	0.412777
0	0	0	1	0	0
0.670334	0.533430	0.565068	0.509449	0.619911	0.487096	0.629083	0.412995
0	0	0	1	0	0
0.671578	0.534808	0.557911	0.518079	0.614902	0.465987	0.629561	0.411809
0	0	0	1	0	0
0.664221	0.531458	0.556505	0.513244	0.611773	0.478047	0.635977	0.417318
0	0	0	1	0	0
0.669947	0.534185	0.563055	0.512811	0.615251	0.481812	0.631054	0.417275
0	0	0	1	0	0
0.671213	0.535624	0.558227	0.511135	0.618388	0.498928	0.632681	0.419448
0	0	0	1	0	0
0.657270	0.535540	0.554121	0.509991	0.612297	0.478515	0.628418	0.413221
0	0	0	1	0	0
0.666669	0.534008	0.560446	0.515545	0.617866	0.480716	0.631122	0.414878
0	0	0	1	0	0
0.674152	0.533201	0.568559	0.510673	0.616889	0.479943	0.624923	0.412583
0	0	0	1	0	0
0.670338	0.530791	0.541559	0.513845	0.620113	0.480747	0.631698	0.415358
0	0	0	1	0	0
0.662251	0.539189	0.560165	0.511739	0.619986	0.484929	0.629441	0.414878
0	0	0	1	0	0
0.665816	0.535121	0.556679	0.512297	0.603152	0.473635	0.634159	0.418332
0	0	0	1	0	0
0.672563	0.537218	0.560161	0.510674	0.614274	0.482985	0.617895	0.415845
0	0	0	1	0	0
0.668146	0.535201	0.555429	0.511052	0.616630	0.479665	0.632721	0.412792
0	0	0	1	0	0
0.671565	0.532856	0.563551	0.510208	0.618998	0.479125	0.633755	0.416617
0	0	0	1	0	0
0.671900	0.535887	0.549087	0.512333	0.618480	0.484276	0.627235	0.415687
0	0	0	1	0	0
0.673547	0.534122	0.562635	0.513407	0.609050	0.479948	0.628650	0.414166
0	0	0	1	0	0
0.666017	0.534971	0.556936	0.515762	0.603710	0.485213	0.627499	0.410862
0	0	0	1	0	0
0.669778	0.535502	0.541218	0.512544	0.605568	0.480744	0.631108	0.417421
0	0	0	1	0	0
0.672537	0.529572	0.568066	0.510584	0.629120	0.485237	0.616293	0.417864
0	0	0	1	0	0
0.684816	0.531621	0.565754	0.512303	0.618774	0.481179	0.631956	0.416285
0	0	0	1	0	0
0.668123	0.533521	0.551680	0.507433	0.618954	0.483321	0.632169	0.416272
0	0	0	1	0	0
0.667936	0.534518	0.567102	0.510192	0.611072	0.497845	0.627887	0.417869
0	0	0	1	0	0
0.669094	0.532647	0.561528	0.516891	0.624998	0.479388	0.627302	0.416218
0	0	0	1	0	0
0.664967	0.532717	0.563222	0.515915	0.624480	0.482743	0.628461	0.417883
0	0	0	1	0	0
0.660328	0.533422	0.551453	0.511812	0.621032	0.462308	0.631922	0.418186
0	0	0	1	0	0
0.671738	0.535410	0.541015	0.510499	0.611897	0.480924	0.627477	0.410710
0	0	0	1	0	0
0.670832	0.537440	0.568820	0.515618	0.608928	0.482667	0.626611	0.413152
0	0	0	1	0	0
0.667734	0.535757	0.545470	0.510016	0.625867	0.481786	0.635835	0.412385
0	0	0	1	0	0
0.668337	0.531195	0.548530	0.514983	0.627960	0.482931	0.628316	0.415337
0	0	0	1	0	0
0.671907	0.533788	0.566115	0.511436	0.619837	0.483063	0.638219	0.416562
0	0	0	1	0	0
0.667876	0.534670	0.555872	0.514520	0.615060	0.480252	0.628488	0.415958
0	0	0	1	0	0
0.671619	0.531765	0.556154	0.509343	0.611094	0.483221	0.627647	0.413512
0	0	0	1	0	0
0.677105	0.535456	0.564657	0.509389	0.615045	0.480559	0.633399	0.416309
0	0	0	1	0	0
0.672766	0.530736	0.559417	0.513817	0.621132	0.484047	0.633799	0.416589
0	0	0	1	0	0
0.670030	0.534877	0.558774	0.508679	0.620146	0.489414	0.632976	0.413089
0	0	0	1	0	0
0.676135	0.532608	0.556583	0.514295	0.614638	0.481301	0.632175	0.411546
0	0	0	1	0	0
0.671127	0.533430	0.540232	0.514117	0.611789	0.480408	0.634597	0.415035
0	0	0	1	0	0
0.664289	0.535701	0.565074	0.517570	0.620066	0.480696	0.629381	0.411817
0	0	0	1	0	0
0.675663	0.530331	0.545192	0.509387	0.623296	0.480977	0.632170	0.415347
0	0	0	1	0	0
0.668918	0.534861	0.551029	0.513712	0.608163	0.483625	0.632215	0.418855
0	0	0	1	0	0
0.683020	0.534477	0.562337	0.512745	0.612219	0.480453	0.629055	0.415916
0	0	0	1	0	0
0.669885	0.534427	0.548726	0.510372	0.607970	0.484408	0.643260	0.416532
0	0	0	1	0	0
0.668958	0.534368	0.565360	0.515122	0.632096	0.484654	0.629754	0.415185
0	0	0	1	0	0
0.673518	0.528809	0.552071	0.515987	0.615739	0.465170	0.625063	0.411444
0	0	0	1	0	0
0.672254	0.533749	0.551946	0.509699	0.613334	0.477663	0.628810	0.412210
0	0	0	1	0	0
0.667954	0.533085	0.554946	0.514805	0.612136	0.484408	0.635337	0.417112
0	0	0	1	0	0
0.672859	0.534619	0.568190	0.512005	0.628853	0.483618	0.632391	0.419139
0	0	0	1	0	0
0.669495	0.534051	0.553276	0.511813	0.617338	0.481028	0.627403	0.413045
0	0	0	1	0	0
0.672326	0.531757	0.561379	0.512407	0.613620	0.487317	0.627732	0.417148
0	0	0	1	0	0
0.673937	0.535389	0.560706	0.509414	0.611006	0.463364	0.616307	0.416628
0	0	0	1	0	0
0.673219	0.531766	0.554458	0.512797	0.629244	0.478404	0.633545	0.413654
0	0	0	1	0	0
0.670439	0.531560	0.564861	0.515223	0.619014	0.483224	0.634839	0.410590
0	0	0	1	0	0
0.665873	0.536487	0.551837	0.507466	0.620768	0.485411	0.635120	0.414279
0	0	0	1	0	0
0.670996	0.534172	0.565805	0.511504	0.624648	0.482980	0.627324	0.409097
0	0	0	1	0	0
0.670724	0.531604	0.566773	0.511613	0.610040	0.476473	0.632353	0.414956
0	0	0	1	0	0
0.664667	0.529746	0.550174	0.513148	0.610719	0.476869	0.628260	0.417404
0	0	0	1	0	0
0.670585	0.533797	0.556139	0.514684	0.614595	0.485998	0.619217	0.419384
0	0	0	1	0	0
0.676242	0.536703	0.561700	0.513028	0.614093	0.483241	0.635427	0.418872
0	0	0	1	0	0
0.662054	0.535655	0.547462	0.507549	0.621768	0.481076	0.630591	0.419900
0	0	0	1	0	0
0.675046	0.531623	0.566291	0.513682	0.623800	0.486013	0.621698	0.413150
0	0	0	1	0	0
0.670988	0.533047	0.555048	0.515365	0.617976	0.484173	0.629018	0.413924
0	0	0	1	0	0
0.674324	0.534835	0.549108	0.511558	0.615511	0.479468	0.630359	0.412244
0	0	0	1	0	0
0.673681	0.534232	0.561396	0.512238	0.627032	0.481159	0.630534	0.416021
0	0	0	1	0	0
0.670719	0.534031	0.569609	0.515254	0.618194	0.481150	0.632648	0.415130
0	0	0	1	0	0
0.670209	0.532463	0.573034	0.515352	0.622587	0.481352	0.634960	0.420453
0	0	0	1	0	0
0.663909	0.532941	0.549045	0.509037	0.604596	0.485134	0.647393	0.414448
0	0	0	1	0	0
0.669027	0.530122	0.555465	0.513297	0.606635	0.482905	0.635838	0.416505
0	0	0	1	0	0
0.670407	0.532094	0.561951	0.512846	0.609464	0.498510	0.629862	0.416931
0	0	0	1	0	0
0.672053	0.536490	0.552184	0.508882	0.631653	0.480474	0.635654	0.414114
0	0	0	1	0	0
0.665971	0.533756	0.566148	0.510001	0.614716	0.483167	0.630580	0.415455
0	0	0	1	0	0
0.667811	0.530981	0.556126	0.509545	0.615925	0.465521	0.641277	0.412680
0	0	0	1	0	0
0.679860	0.535552	0.557688	0.517000	0.614805	0.482977	0.627369	0.414835
0	0	0	1	0	0
0.674025	0.530972	0.551643	0.514762	0.617695	0.479604	0.633625	0.416536
0	0	0	1	0	0
0.670139	0.530906	0.543715	0.509278	0.616153	0.482845	0.630260	0.419564
0	0	0	1	0	0
0.661286	0.531625	0.564497	0.515451	0.609922	0.483961	0.614422	0.418450
0	0	0	1	0	0
0.668756	0.531362	0.562772	0.513504	0.608438	0.464637	0.636645	0.417805
0	0	0	1	0	0
0.676939	0.532698	0.557155	0.512325	0.624234	0.480071	0.624734	0.416620
0	0	0	1	0	0
0.672425	0.530928	0.565690	0.512128	0.619692	0.481265	0.635573	0.416738
0	0	0	1	0	0
0.668743	0.534498	0.560913	0.514392	0.620261	0.484980	0.633131	0.414392
0	0	0	1	0	0
0.672206	0.533664	0.553546	0.514126	0.616902	0.485629	0.632317	0.415939
0	0	0	1	0	0
0.673643	0.533289	0.566933	0.516751	0.609719	0.478450	0.628878	0.418297
0	0	0	1	0	0
0.668164	0.534894	0.556298	0.510053	0.610135	0.479337	0.630426	0.420603
0	0	0	1	0	0
0.681345	0.534152	0.564862	0.509751	0.616743	0.477258	0.645538	0.415643
0	0	0	1	0	0
0.667402	0.530484	0.559271	0.511454	0.616130	0.488122	0.633826	0.418809
0	0	0	1	0	0
0.668575	0.534341	0.544821	0.512994	0.622199	0.488048	0.627244	0.415097
0	0	0	1	0	0
0.670123	0.533193	0.561011	0.513907	0.622111	0.482463	0.631943	0.416286
0	0	0	1	0	0
0.669962	0.535506	0.550386	0.507213	0.601487	0.481648	0.636710	0.413437
0	0	0	1	0	0
0.674200	0.534016	0.566252	0.515415	0.612975	0.479640	0.623413	0.416354
0	0	0	1	0	0
0.662020	0.535004	0.565091	0.519581	0.620522	0.482211	0.627606	0.417509
0	0	0	1	0	0
0.670956	0.535001	0.554539	0.516285	0.608665	0.482910	0.628768	0.415796
0	0	0	1	0	0
0.670551	0.536183	0.543347	0.511027	0.612723	0.483612	0.637142	0.409451
0	0	0	1	0	0
0.675413	0.531838	0.542925	0.510286	0.609731	0.481521	0.629296	0.413215
0	0	0	1	0	0
0.667588	0.532995	0.562684	0.519141	0.608288	0.480430	0.629879	0.415499
0	0	0	1	0	0
0.650308	0.533023	0.554195	0.508912	0.628123	0.481579	0.634363	0.413568
0	0	0	1	0	0
0.672359	0.531178	0.552341	0.511882	0.616379	0.481716	0.634284	0.418674
0	0	0	1	0	0
0.668532	0.536598	0.570019	0.514631	0.621284	0.482290	0.629877	0.412745
0	0	0	1	0	0
0.668446	0.533592	0.564075	0.513041	0.621040	0.462587	0.637375	0.416322
0	0	0	1	0	0
0.668852	0.536642	0.564728	0.514259	0.614165	0.477462	0.631355	0.415707
0	0	0	1	0	0
0.676686	0.531175	0.552220	0.511869	0.609788	0.480271	0.627887	0.415331
0	0	0	1	0	0
0.670043	0.532532	0.556934	0.510378	0.617905	0.496691	0.630852	0.414893
0	0	0	1	0	0
0.671165	0.533145	0.571277	0.512508	0.606427	0.481846	0.629663	0.412255
0	0	0	1	0	0
0.669689	0.532638	0.550047	0.512457	0.612185	0.486169	0.636740	0.408285
0	0	0	1	0	0
0.668957	0.534127	0.561670	0.510480	0.612013	0.478982	0.630187	0.415796
0	0	0	1	0	0
0.666747	0.536558	0.558875	0.512980	0.626565	0.481104	0.623222	0.416894
0	0	0	1	0	0
0.668399	0.534945	0.545848	0.510430	0.617472	0.483638	0.630967	0.417810
0	0	0	1	0	0
0.675762	0.534990	0.565603	0.514275	0.611448	0.478848	0.629638	0.418372
0	0	0	1	0	0
0.672314	0.534739	0.565018	0.514218	0.598990	0.479666	0.628408	0.419376
0	0	0	1	0	0
0.670443	0.537299	0.560761	0.516551	0.618324	0.478054	0.626172	0.416987
0	0	0	1	0	0
0.671242	0.532792	0.554192	0.512980	0.619282	0.477408	0.634252	0.413849
0	0	0	1	0	0
0.668219	0.535261	0.548216	0.511250	0.619794	0.484383	0.626034	0.413531
0	0	0	1	0	0
0.669548	0.534092	0.559794	0.511616	0.608521	0.487164	0.632909	0.411901
0	0	0	1	0	0
0.671202	0.531467	0.556691	0.514111	0.603269	0.478957	0.613541	0.416913
0	0	0	1	0	0
0.672756	0.533060	0.549569	0.512890	0.609541	0.477974	0.630260	0.414420
0	0	0	1	0	0
0.670949	0.530494	0.544288	0.510954	0.612492	0.477963	0.628568	0.421350
0	0	0	1	0	0
0.673352	0.533160	0.556291	0.508931	0.620522	0.481800	0.633635	0.414435
0	0	0	1	0	0
0.670867	0.530104	0.565392	0.514209	0.619365	0.483154	0.631145	0.419279
0	0	0	1	0	0
0.666596	0.532165	0.547759	0.514447	0.613548	0.467432	0.628383	0.411554
0	0	0	1	0	0
0.665200	0.534219	0.560355	0.506405	0.614117	0.478959	0.629345	0.415394
0	0	0	1	0	0
0.673385	0.530865	0.571640	0.514307	0.615903	0.488573	0.643103	0.411663
0	0	0	1	0	0
0.684408	0.533098	0.556073	0.506998	0.626517	0.482550	0.625365	0.413823
0	0	0	1	0	0
0.674083	0.534407	0.561037	0.509130	0.617329	0.481987	0.625614	0.414464
0	0	0	1	0	0
0.666677	0.532995	0.557153	0.512063	0.619650	0.477040	0.632453	0.418390
0	0	0	1	0	0
0.683745	0.531379	0.558070	0.508363	0.618229	0.481148	0.631638	0.413981
0	0	0	1	0	0
0.669586	0.530475	0.563293	0.519284	0.618235	0.482674	0.627636	0.415255
0	0	0	1	0	0
0.676774	0.534958	0.547995	0.508939	0.622015	0.479140	0.628328	0.418643
0	0	0	1	0	0
0.669675	0.531697	0.561091	0.514317	0.620972	0.479432	0.629476	0.413968
0	0	0	1	0	0
0.666140	0.535216	0.550376	0.511146	0.620699	0.482788	0.625214	0.414300
0	0	0	1	0	0
0.673599	0.531537	0.558335	0.513353	0.617610	0.478810	0.635490	0.417856
0	0	0	1	0	0
0.671855	0.531150	0.566928	0.521730	0.616303	0.478052	0.624526	0.413770
0	0	0	1	0	0
0.665679	0.534196	0.553019	0.513596	0.607741	0.480630	0.631778	0.416307
0	0	0	1	0	0
0.666432	0.533364	0.560785	0.514316	0.615940	0.477956	0.615325	0.412707
0	0	0	1	0	0
0.670908	0.528854	0.557459	0.514341	0.613235	0.484022	0.626678	0.413759
0	0	0	1	0	0
0.669863	0.537499	0.551049	0.509822	0.604051	0.483258	0.632099	0.415476
0	0	0	1	0	0
0.652301	0.534339	0.568220	0.513646	0.614736	0.481898	0.635429	0.418070
0	0	0	1	0	0
0.669988	0.536022	0.553877	0.509746	0.611102	0.484371	0.630449	0.418353
0	0	0	1	0	0
