900	8	6
0.591066	0.521826	0.519411	0.498336	0.560552	0.485286	0.557605	0.491056
1	0	0	0	0	0
0.589875	0.520158	0.520408	0.499918	0.576714	0.485814	0.557108	0.494108
1	0	0	0	0	0
0.577453	0.519322	0.524958	0.502670	0.561437	0.487230	0.554462	0.494265
1	0	0	0	0	0
0.595440	0.517424	0.523187	0.501913	0.572299	0.485660	0.550239	0.492570
1	0	0	0	0	0
0.594432	0.521839	0.530979	0.504463	0.579534	0.487398	0.547600	0.497080
1	0	0	0	0	0
0.584342	0.520510	0.525531	0.496756	0.564496	0.488513	0.562002	0.489167
1	0	0	0	0	0
0.576722	0.522701	0.530520	0.504900	0.565026	0.486417	0.550151	0.492269
1	0	0	0	0	0
0.593214	0.518833	0.524576	0.493555	0.573921	0.483100	0.553833	0.494104
1	0	0	0	0	0
0.597774	0.515490	0.527804	0.480531	0.580123	0.489501	0.556847	0.494263
1	0	0	0	0	0
0.594780	0.518026	0.526070	0.502265	0.575311	0.485993	0.553636	0.493061
1	0	0	0	0	0
0.609714	0.519456	0.518605	0.500235	0.576242	0.486094	0.555549	0.497472
1	0	0	0	0	0
0.596873	0.518885	0.529299	0.500562	0.576675	0.493797	0.560218	0.492640
1	0	0	0	0	0
0.590433	0.518924	0.520319	0.498389	0.579403	0.487537	0.547797	0.490710
1	0	0	0	0	0
0.596807	0.516369	0.535141	0.496744	0.569814	0.486413	0.559535	0.492962
1	0	0	0	0	0
0.595344	0.535564	0.531725	0.502609	0.570765	0.486536	0.550758	0.491223
1	0	0	0	0	0
0.592658	0.523582	0.525043	0.495583	0.581763	0.489291	0.552509	0.492662
1	0	0	0	0	0
0.593437	0.518137	0.532103	0.499605	0.582329	0.487856	0.553561	0.495394
1	0	0	0	0	0
0.596862	0.518477	0.520729	0.501104	0.575663	0.484692	0.551256	0.490724
1	0	0	0	0	0
0.593957	0.516234	0.538615	0.501654	0.582565	0.490574	0.560233	0.489817
1	0	0	0	0	0
0.594977	0.519402	0.530942	0.495188	0.575457	0.486727	0.558195	0.490287
1	0	0	0	0	0
0.590245	0.518422	0.528856	0.519509	0.573762	0.485777	0.553992	0.494135
1	0	0	0	0	0
0.592204	0.519918	0.535072	0.496823	0.577554	0.488128	0.562304	0.495326
1	0	0	0	0	0
0.593862	0.501514	0.535980	0.482306	0.584319	0.485472	0.558248	0.495077
1	0	0	0	0	0
0.591275	0.520811	0.529779	0.505006	0.576196	0.484097	0.552989	0.493352
1	0	0	0	0	0
0.614074	0.518435	0.526998	0.482021	0.573405	0.487751	0.554046	0.487171
1	0	0	0	0	0
0.593502	0.518075	0.535785	0.500240	0.581462	0.489591	0.549468	0.492091
1	0	0	0	0	0
0.593233	0.520371	0.523259	0.498521	0.583855	0.485065	0.548353	0.491572
1	0	0	0	0	0
0.596107	0.517535	0.522505	0.497708	0.579880	0.485978	0.553473	0.495100
1	0	0	0	0	0
0.594185	0.519030	0.521435	0.494940	0.579554	0.483385	0.555992	0.492695
1	0	0	0	0	0
0.593218	0.516135	0.523211	0.499602	0.590535	0.484863	0.564936	0.491419
1	0	0	0	0	0
0.595910	0.517926	0.528451	0.501037	0.577131	0.485079	0.557844	0.493034
1	0	0	0	0	0
0.598837	0.517107	0.520021	0.495801	0.584685	0.491916	0.554715	0.494238
1	0	0	0	0	0
0.593068	0.519427	0.536273	0.499763	0.573019	0.485119	0.554292	0.488964
1	0	0	0	0	0
0.592056	0.516844	0.529646	0.498993	0.572373	0.490435	0.552423	0.493641
1	0	0	0	0	0
0.592837	0.515831	0.537998	0.498906	0.578830	0.488638	0.560977	0.495411
1	0	0	0	0	0
0.593128	0.521416	0.534429	0.501475	0.560224	0.491602	0.556336	0.493119
1	0	0	0	0	0
0.594972	0.519222	0.529159	0.503206	0.572588	0.483743	0.553317	0.495409
1	0	0	0	0	0
0.588018	0.516075	0.527982	0.501569	0.570277	0.486630	0.540180	0.493740
1	0	0	0	0	0
0.591587	0.519088	0.528820	0.498786	0.584204	0.485129	0.556336	0.490574
1	0	0	0	0	0
0.591876	0.520168	0.534789	0.503600	0.581947	0.489049	0.550387	0.496649
1	0	0	0	0	0
0.590380	0.519921	0.535299	0.500780	0.571413	0.484358	0.550955	0.489247
1	0	0	0	0	0
0.592704	0.517801	0.524792	0.498855	0.580992	0.492486	0.551463	0.491709
1	0	0	0	0	0
0.590072	0.517437	0.541231	0.501052	0.570082	0.486813	0.551208	0.491560
1	0	0	0	0	0
0.593956	0.519239	0.527513	0.499053	0.566469	0.485712	0.560471	0.493612
1	0	0	0	0	0
0.594622	0.517189	0.528482	0.497352	0.575927	0.486159	0.560201	0.492670
1	0	0	0	0	0
0.588454	0.535959	0.533467	0.502994	0.586296	0.486381	0.554256	0.490949
1	0	0	0	0	0
0.590012	0.520445	0.523793	0.496179	0.577423	0.487341	0.555981	0.493211
1	0	0	0	0	0
0.589495	0.516554	0.534005	0.500309	0.578218	0.483932	0.545486	0.491189
1	0	0	0	0	0
0.591690	0.524368	0.529372	0.496259	0.585731	0.486460	0.547350	0.491125
1	0	0	0	0	0
0.598816	0.513838	0.536808	0.486263	0.578046	0.486254	0.548498	0.490494
1	0	0	0	0	0
0.596902	0.515748	0.533982	0.517003	0.579480	0.486812	0.553359	0.489724
1	0	0	0	0	0
0.590976	0.522552	0.524575	0.497208	0.578027	0.482807	0.559894	0.494108
1	0	0	0	0	0
0.587745	0.518291	0.530138	0.502448	0.586080	0.486987	0.557163	0.497916
1	0	0	0	0	0
0.598399	0.516865	0.530097	0.498179	0.583139	0.488969	0.553532	0.494998
1	0	0	0	0	0
0.596919	0.536522	0.535217	0.501329	0.575512	0.486201	0.555536	0.492664
1	0	0	0	0	0
0.590295	0.516903	0.527551	0.493455	0.580630	0.486846	0.557215	0.493122
1	0	0	0	0	0
0.593298	0.520385	0.520578	0.495805	0.583156	0.484880	0.546659	0.493398
1	0	0	0	0	0
0.589270	0.517458	0.535766	0.499923	0.582099	0.487166	0.557985	0.490470
1	0	0	0	0	0
0.612131	0.518391	0.524684	0.498327	0.584974	0.490341	0.552538	0.491608
1	0	0	0	0	0
0.593210	0.514621	0.531496	0.501637	0.579563	0.484207	0.568227	0.494715
1	0	0	0	0	0
0.595371	0.516061	0.527871	0.498503	0.570745	0.484225	0.554900	0.497710
1	0	0	0	0	0
0.591471	0.517617	0.532113	0.500325	0.579953	0.485845	0.556402	0.494315
1	0	0	0	0	0
0.599477	0.518732	0.519733	0.495203	0.581378	0.491190	0.553984	0.496317
1	0	0	0	0	0
0.593740	0.516551	0.534377	0.496203	0.571013	0.487607	0.552170	0.490760
1	0	0	0	0	0
0.594160	0.514422	0.531264	0.504102	0.578592	0.489847	0.550570	0.494176
1	0	0	0	0	0
0.595833	0.517635	0.521330	0.498621	0.574805	0.485888	0.553326	0.493928
1	0	0	0	0	0
0.592470	0.518665	0.526646	0.498777	0.577204	0.486486	0.552777	0.492668
1	0	0	0	0	0
0.590500	0.520332	0.525817	0.503179	0.587998	0.486274	0.557635	0.489310
1	0	0	0	0	0
0.592465	0.516677	0.525219	0.498146	0.585281	0.489785	0.575705	0.489231
1	0	0	0	0	0
0.589610	0.515977	0.524046	0.500236	0.572327	0.486373	0.554805	0.488124
1	0	0	0	0	0
0.590488	0.537165	0.521945	0.500395	0.570834	0.489623	0.551723	0.487934
1	0	0	0	0	0
0.591992	0.517243	0.525596	0.503022	0.572534	0.486338	0.546985	0.491880
1	0	0	0	0	0
0.594564	0.518404	0.531118	0.497702	0.583748	0.487237	0.555443	0.492092
1	0	0	0	0	0
0.594586	0.518598	0.528228	0.495574	0.567044	0.489494	0.554032	0.492774
1	0	0	0	0	0
0.587891	0.520756	0.531970	0.497062	0.578884	0.487921	0.549427	0.493715
1	0	0	0	0	0
0.589821	0.515660	0.523149	0.498972	0.575340	0.488738	0.556191	0.498512
1	0	0	0	0	0
0.593439	0.519999	0.533963	0.498182	0.579608	0.491247	0.551171	0.491466
1	0	0	0	0	0
0.589470	0.520274	0.529523	0.499535	0.562774	0.487345	0.553543	0.493944
1	0	0	0	0	0
0.593745	0.517055	0.534280	0.500550	0.577347	0.487060	0.544710	0.493969
1	0	0	0	0	0
0.593370	0.519087	0.531992	0.502753	0.585774	0.487674	0.545672	0.491436
1	0	0	0	0	0
0.597519	0.518998	0.533364	0.496872	0.581381	0.488048	0.547830	0.490024
1	0	0	0	0	0
0.597384	0.518999	0.529775	0.501897	0.568726	0.486612	0.559180	0.493129
1	0	0	0	0	0
0.594887	0.515365	0.516155	0.518782	0.575075	0.481970	0.561380	0.490757
1	0	0	0	0	0
0.594601	0.523238	0.529383	0.506690	0.589944	0.488221	0.556058	0.490844
1	0	0	0	0	0
0.591793	0.537022	0.539020	0.494842	0.572675	0.487582	0.558032	0.492679
1	0	0	0	0	0
0.594797	0.518808	0.535735	0.504501	0.579939	0.493765	0.550282	0.490149
1	0	0	0	0	0
0.595896	0.516599	0.535896	0.499217	0.597163	0.485562	0.557669	0.493415
1	0	0	0	0	0
0.593268	0.523381	0.539718	0.499923	0.567640	0.489832	0.549488	0.494157
1	0	0	0	0	0
0.598192	0.520304	0.535508	0.496453	0.576994	0.487698	0.551535	0.491576
1	0	0	0	0	0
0.584967	0.516695	0.526148	0.497250	0.576923	0.487594	0.550562	0.492188
1	0	0	0	0	0
0.590870	0.517619	0.529708	0.503969	0.569983	0.492681	0.558649	0.490661
1	0	0	0	0	0
0.594263	0.520417	0.529608	0.499537	0.575367	0.482816	0.549479	0.495042
1	0	0	0	0	0
0.588905	0.520807	0.527210	0.499298	0.577644	0.485162	0.556704	0.497807
1	0	0	0	0	0
0.592021	0.520878	0.528410	0.497365	0.568735	0.486434	0.554045	0.494031
1	0	0	0	0	0
0.593673	0.518126	0.522707	0.498294	0.574621	0.486337	0.549121	0.491922
1	0	0	0	0	0
0.593863	0.523171	0.536113	0.500157	0.575080	0.486508	0.550356	0.494561
1	0	0	0	0	0
0.596739	0.519295	0.531953	0.501304	0.582514	0.488756	0.553938	0.488432
1	0	0	0	0	0
0.590322	0.517569	0.538119	0.501821	0.583734	0.487533	0.559933	0.497791
1	0	0	0	0	0
0.593998	0.518461	0.528362	0.503975	0.581240	0.485958	0.550970	0.494595
1	0	0	0	0	0
0.593074	0.516641	0.522183	0.499764	0.574295	0.486480	0.557180	0.492796
1	0	0	0	0	0
0.596278	0.517875	0.533043	0.498132	0.576937	0.488663	0.556050	0.488762
1	0	0	0	0	0
0.592529	0.518647	0.531550	0.500380	0.586354	0.486700	0.550643	0.489634
1	0	0	0	0	0
0.596066	0.515269	0.526861	0.505742	0.573110	0.487244	0.558465	0.492718
1	0	0	0	0	0
0.590564	0.517451	0.529478	0.503801	0.587978	0.486988	0.556397	0.493988
1	0	0	0	0	0
0.589209	0.514350	0.523879	0.497558	0.584496	0.486990	0.554153	0.493792
1	0	0	0	0	0
0.591184	0.517187	0.523469	0.500958	0.573834	0.491956	0.558272	0.493218
1	0	0	0	0	0
0.592519	0.518645	0.528602	0.499921	0.588751	0.485527	0.550821	0.492659
1	0	0	0	0	0
0.593688	0.516850	0.526964	0.497019	0.583106	0.490817	0.553431	0.488579
1	0	0	0	0	0
0.594129	0.520168	0.532618	0.504885	0.577991	0.491496	0.559154	0.494586
1	0	0	0	0	0
0.593183	0.517776	0.526684	0.499011	0.574793	0.484553	0.559691	0.489959
1	0	0	0	0	0
0.591367	0.522728	0.527411	0.501279	0.579565	0.487269	0.557278	0.490277
1	0	0	0	0	0
0.595392	0.519277	0.525680	0.498959	0.580194	0.483496	0.552620	0.493121
1	0	0	0	0	0
0.591218	0.520915	0.528270	0.495792	0.574480	0.487455	0.552985	0.495207
1	0	0	0	0	0
0.596222	0.516905	0.534661	0.497544	0.576422	0.489042	0.541426	0.485726
1	0	0	0	0	0
0.593134	0.520582	0.517952	0.500000	0.584729	0.486516	0.557285	0.491052
1	0	0	0	0	0
0.588758	0.516501	0.529880	0.494925	0.580842	0.482499	0.551333	0.489493
1	0	0	0	0	0
0.607729	0.517495	0.532198	0.503607	0.585379	0.481362	0.552525	0.491462
1	0	0	0	0	0
0.594953	0.520579	0.537037	0.496658	0.582057	0.489467	0.552323	0.493501
1	0	0	0	0	0
0.592821	0.522598	0.532884	0.501441	0.568103	0.486726	0.556280	0.491918
1	0	0	0	0	0
0.597614	0.517953	0.531147	0.496361	0.577548	0.483796	0.555244	0.492003
1	0	0	0	0	0
0.591840	0.514352	0.524337	0.504596	0.589421	0.490890	0.558305	0.494403
1	0	0	0	0	0
0.596030	0.521107	0.529756	0.503451	0.564383	0.491254	0.552797	0.494625
1	0	0	0	0	0
0.593407	0.538390	0.528757	0.502418	0.573342	0.484063	0.549538	0.489096
1	0	0	0	0	0
0.588999	0.514492	0.539298	0.501247	0.576003	0.483457	0.549810	0.491403
1	0	0	0	0	0
0.578391	0.513946	0.524932	0.496239	0.585068	0.488895	0.562319	0.492632
1	0	0	0	0	0
0.593607	0.517529	0.530578	0.500562	0.562030	0.486261	0.556528	0.493499
1	0	0	0	0	0
0.595934	0.517307	0.522944	0.499295	0.559440	0.485234	0.558101	0.491773
1	0	0	0	0	0
0.593166	0.516423	0.531854	0.502948	0.575962	0.490498	0.558765	0.495089
1	0	0	0	0	0
0.596704	0.517281	0.531097	0.508601	0.578384	0.489445	0.571365	0.493941
1	0	0	0	0	0
0.590307	0.519422	0.528489	0.499596	0.580853	0.485635	0.550727	0.489486
1	0	0	0	0	0
0.588196	0.515005	0.528095	0.519212	0.572119	0.488478	0.555581	0.492105
1	0	0	0	0	0
0.593797	0.537569	0.522800	0.497368	0.576945	0.489464	0.552681	0.489879
1	0	0	0	0	0
0.594367	0.502341	0.527971	0.503468	0.579308	0.489392	0.549652	0.490187
1	0	0	0	0	0
0.593186	0.518327	0.524555	0.496425	0.571197	0.485430	0.555895	0.492799
1	0	0	0	0	0
0.592022	0.516173	0.533221	0.494160	0.575354	0.486539	0.554032	0.492743
1	0	0	0	0	0
0.578242	0.519918	0.529303	0.500235	0.584314	0.487864	0.556024	0.493143
1	0	0	0	0	0
0.594310	0.517539	0.530399	0.502081	0.570859	0.487993	0.550827	0.493558
1	0	0	0	0	0
0.589799	0.518862	0.541646	0.507427	0.574296	0.484185	0.539511	0.498037
1	0	0	0	0	0
0.590496	0.520337	0.530353	0.497027	0.588838	0.486332	0.550417	0.495809
1	0	0	0	0	0
0.592279	0.516106	0.532027	0.501071	0.577138	0.492858	0.555727	0.492969
1	0	0	0	0	0
0.594701	0.519759	0.529705	0.495427	0.572911	0.486299	0.556378	0.493619
1	0	0	0	0	0
0.595794	0.501057	0.525010	0.501359	0.588522	0.485291	0.550422	0.488917
1	0	0	0	0	0
0.585463	0.517313	0.530631	0.518179	0.579273	0.486401	0.551154	0.493564
1	0	0	0	0	0
0.594958	0.520552	0.516692	0.495984	0.570802	0.488491	0.552681	0.490407
1	0	0	0	0	0
0.594400	0.519831	0.522890	0.498520	0.590244	0.488487	0.557926	0.491550
1	0	0	0	0	0
0.591794	0.516761	0.523411	0.496515	0.583545	0.487217	0.576466	0.491972
1	0	0	0	0	0
0.594898	0.516584	0.526095	0.498158	0.591523	0.484418	0.557977	0.489906
1	0	0	0	0	0
0.594234	0.522214	0.534962	0.498150	0.579544	0.487562	0.563174	0.493183
1	0	0	0	0	0
0.596077	0.519402	0.528267	0.501067	0.583760	0.488097	0.554420	0.494289
1	0	0	0	0	0
0.594125	0.519465	0.536238	0.501594	0.581266	0.490510	0.569498	0.491932
1	0	0	0	0	0
0.761453	0.509928	0.647830	0.504461	0.642522	0.489669	0.673647	0.466346
0	1	0	0	0	0
0.764129	0.509348	0.648020	0.506685	0.646468	0.486399	0.670052	0.462189
0	1	0	0	0	0
0.756639	0.510314	0.652535	0.512292	0.647159	0.487038	0.671624	0.465349
0	1	0	0	0	0
0.765525	0.511219	0.638057	0.509862	0.638004	0.485878	0.672149	0.480374
0	1	0	0	0	0
0.759868	0.508015	0.641360	0.508544	0.641552	0.484792	0.667709	0.466561
0	1	0	0	0	0
0.757149	0.509764	0.645530	0.504058	0.646276	0.489973	0.675579	0.466520
0	1	0	0	0	0
0.760066	0.508675	0.639405	0.508579	0.635127	0.487449	0.674992	0.468841
0	1	0	0	0	0
0.760069	0.508440	0.642955	0.505319	0.646776	0.484568	0.672498	0.466127
0	1	0	0	0	0
0.762873	0.508287	0.645053	0.504791	0.645318	0.493340	0.674209	0.467929
0	1	0	0	0	0
0.758810	0.506756	0.651886	0.509359	0.644404	0.489376	0.672733	0.467052
0	1	0	0	0	0
0.765870	0.507445	0.640647	0.504920	0.625443	0.485152	0.667841	0.464854
0	1	0	0	0	0
0.761001	0.509321	0.647216	0.506048	0.641055	0.482876	0.668981	0.468802
0	1	0	0	0	0
0.760496	0.506264	0.637145	0.504631	0.652513	0.483273	0.665968	0.466270
0	1	0	0	0	0
0.763506	0.509365	0.646431	0.508777	0.649975	0.488370	0.670735	0.467105
0	1	0	0	0	0
0.765422	0.505163	0.647079	0.510558	0.638217	0.484501	0.674171	0.466115
0	1	0	0	0	0
0.759685	0.514147	0.639814	0.506921	0.649836	0.487638	0.672716	0.466215
0	1	0	0	0	0
0.759379	0.510150	0.647825	0.511555	0.646220	0.486595	0.673012	0.466718
0	1	0	0	0	0
0.764743	0.508865	0.642660	0.511177	0.636967	0.490085	0.672427	0.467289
0	1	0	0	0	0
0.760608	0.509341	0.640254	0.511662	0.644491	0.488797	0.669952	0.468074
0	1	0	0	0	0
0.754495	0.509314	0.657643	0.509005	0.641427	0.490545	0.678418	0.466058
0	1	0	0	0	0
0.759270	0.512961	0.637264	0.514506	0.637323	0.486811	0.675255	0.464894
0	1	0	0	0	0
0.760070	0.508634	0.643441	0.506787	0.639894	0.487062	0.673028	0.466472
0	1	0	0	0	0
0.759503	0.511795	0.633826	0.511331	0.637456	0.486070	0.668597	0.469323
0	1	0	0	0	0
0.765150	0.509988	0.645788	0.503842	0.644509	0.491302	0.667699	0.468090
0	1	0	0	0	0
0.760914	0.509483	0.645259	0.503527	0.641673	0.486954	0.671643	0.471481
0	1	0	0	0	0
0.757087	0.511902	0.649417	0.503628	0.645461	0.485108	0.669077	0.466860
0	1	0	0	0	0
0.758832	0.510180	0.649778	0.509374	0.639293	0.489048	0.671745	0.467460
0	1	0	0	0	0
0.761887	0.511143	0.644091	0.510683	0.633975	0.488965	0.668101	0.463377
0	1	0	0	0	0
0.762191	0.507930	0.647771	0.509945	0.646690	0.486217	0.668147	0.462949
0	1	0	0	0	0
0.763732	0.510427	0.650053	0.505305	0.649644	0.488238	0.673770	0.468227
0	1	0	0	0	0
0.760326	0.507711	0.640301	0.505962	0.643885	0.488005	0.677435	0.465967
0	1	0	0	0	0
0.764782	0.512367	0.653838	0.507379	0.641468	0.489727	0.668859	0.467626
0	1	0	0	0	0
0.757473	0.509191	0.638565	0.508003	0.648722	0.489380	0.671492	0.471286
0	1	0	0	0	0
0.762705	0.510370	0.647961	0.511061	0.645004	0.487330	0.670567	0.471314
0	1	0	0	0	0
0.766079	0.509448	0.640860	0.512142	0.635036	0.485147	0.669540	0.471955
0	1	0	0	0	0
0.762245	0.511025	0.645071	0.506934	0.640449	0.487675	0.669307	0.464418
0	1	0	0	0	0
0.763070	0.510432	0.649913	0.517053	0.642909	0.488990	0.671958	0.465240
0	1	0	0	0	0
0.759668	0.509871	0.642268	0.508942	0.642944	0.487322	0.673812	0.464611
0	1	0	0	0	0
0.763732	0.510304	0.645430	0.512923	0.642326	0.488103	0.675211	0.467091
0	1	0	0	0	0
0.761606	0.507134	0.638398	0.505094	0.636146	0.486050	0.667116	0.468316
0	1	0	0	0	0
0.759491	0.513004	0.643053	0.510123	0.645250	0.486564	0.674986	0.464396
0	1	0	0	0	0
0.764601	0.513759	0.633981	0.510165	0.647300	0.488127	0.671977	0.468686
0	1	0	0	0	0
0.764197	0.508281	0.645254	0.504492	0.637456	0.486303	0.677010	0.468718
0	1	0	0	0	0
0.761929	0.507953	0.640356	0.510579	0.631011	0.487880	0.675356	0.469393
0	1	0	0	0	0
0.763688	0.510000	0.639591	0.505650	0.639357	0.485951	0.676305	0.467710
0	1	0	0	0	0
0.760567	0.512537	0.649256	0.508330	0.646127	0.490414	0.669724	0.463622
0	1	0	0	0	0
0.764397	0.513204	0.650257	0.502642	0.636673	0.484880	0.652879	0.465760
0	1	0	0	0	0
0.762107	0.511342	0.654562	0.507149	0.626535	0.484849	0.674689	0.463885
0	1	0	0	0	0
0.762846	0.509125	0.647854	0.507711	0.643219	0.488126	0.673758	0.468260
0	1	0	0	0	0
0.760821	0.512921	0.636882	0.510006	0.639777	0.487175	0.673817	0.470641
0	1	0	0	0	0
0.764534	0.511302	0.650055	0.509324	0.643169	0.488601	0.676122	0.471811
0	1	0	0	0	0
0.760377	0.508633	0.642233	0.501096	0.634751	0.486069	0.674592	0.466612
0	1	0	0	0	0
0.759065	0.510076	0.641734	0.502542	0.636250	0.487053	0.675224	0.466137
0	1	0	0	0	0
0.764011	0.513095	0.640366	0.511595	0.644524	0.490410	0.666659	0.468360
0	1	0	0	0	0
0.761615	0.510394	0.640900	0.511804	0.644771	0.490666	0.675287	0.470307
0	1	0	0	0	0
0.766824	0.509205	0.647563	0.511485	0.635559	0.488705	0.674481	0.462773
0	1	0	0	0	0
0.758784	0.510610	0.641894	0.510918	0.646322	0.489639	0.680475	0.467274
0	1	0	0	0	0
0.764250	0.508127	0.646216	0.506040	0.634870	0.488934	0.676895	0.465131
0	1	0	0	0	0
0.754057	0.511475	0.636223	0.502612	0.631048	0.487057	0.670938	0.469169
0	1	0	0	0	0
0.760579	0.508542	0.643755	0.509314	0.628816	0.491777	0.673210	0.467227
0	1	0	0	0	0
0.762230	0.510063	0.653328	0.507330	0.643617	0.487789	0.674710	0.465126
0	1	0	0	0	0
0.761770	0.508954	0.636626	0.504439	0.643666	0.489767	0.673592	0.467424
0	1	0	0	0	0
0.754564	0.508196	0.652582	0.508533	0.640249	0.486457	0.673735	0.462537
0	1	0	0	0	0
0.763183	0.510512	0.647486	0.508214	0.639078	0.490349	0.666368	0.462748
0	1	0	0	0	0
0.762129	0.513461	0.647588	0.510469	0.641551	0.488108	0.667402	0.465643
0	1	0	0	0	0
0.756849	0.510874	0.649581	0.510696	0.649561	0.489166	0.671309	0.464037
0	1	0	0	0	0
0.766604	0.507476	0.637550	0.508790	0.651002	0.491797	0.668977	0.467185
0	1	0	0	0	0
0.762588	0.513119	0.654026	0.512458	0.623785	0.490520	0.672093	0.463117
0	1	0	0	0	0
0.758416	0.509403	0.642149	0.508799	0.635538	0.487757	0.672638	0.467459
0	1	0	0	0	0
0.761627	0.510309	0.644567	0.505814	0.637948	0.485460	0.673258	0.464519
0	1	0	0	0	0
0.766944	0.510190	0.648917	0.507256	0.652386	0.489664	0.672204	0.465608
0	1	0	0	0	0
0.764066	0.507219	0.639548	0.511314	0.633330	0.492738	0.671946	0.467982
0	1	0	0	0	0
0.761224	0.509351	0.650741	0.507945	0.632540	0.486846	0.670083	0.465541
0	1	0	0	0	0
0.761420	0.508704	0.641363	0.501095	0.640660	0.490423	0.672115	0.462969
0	1	0	0	0	0
0.764454	0.507165	0.644799	0.511392	0.646516	0.489170	0.677478	0.469430
0	1	0	0	0	0
0.759461	0.510330	0.651450	0.510530	0.648477	0.488280	0.670686	0.466465
0	1	0	0	0	0
0.763341	0.508180	0.644808	0.505916	0.633027	0.490132	0.671663	0.464465
0	1	0	0	0	0
0.762694	0.506642	0.642613	0.507143	0.643608	0.483864	0.684130	0.469539
0	1	0	0	0	0
0.763903	0.509705	0.627529	0.504405	0.645669	0.491802	0.679152	0.465892
0	1	0	0	0	0
0.762552	0.506633	0.646248	0.510111	0.641758	0.492422	0.674244	0.461517
0	1	0	0	0	0
0.760372	0.509866	0.652032	0.506305	0.640871	0.486740	0.670516	0.468534
0	1	0	0	0	0
0.762635	0.510216	0.637830	0.513503	0.634118	0.493294	0.669754	0.466265
0	1	0	0	0	0
0.758199	0.507869	0.646162	0.511083	0.643141	0.490733	0.668272	0.467305
0	1	0	0	0	0
0.761073	0.509901	0.641340	0.504856	0.637464	0.487000	0.671604	0.470118
0	1	0	0	0	0
0.760601	0.510264	0.650700	0.510779	0.633933	0.485205	0.673128	0.467846
0	1	0	0	0	0
0.762373	0.508031	0.640515	0.507153	0.646143	0.492385	0.676971	0.472404
0	1	0	0	0	0
0.759832	0.508491	0.653653	0.509525	0.642798	0.490277	0.675453	0.465129
0	1	0	0	0	0
0.759244	0.509548	0.647941	0.506537	0.639300	0.487968	0.671382	0.465026
0	1	0	0	0	0
0.763711	0.511594	0.644895	0.508771	0.637218	0.492680	0.679134	0.470128
0	1	0	0	0	0
0.758817	0.509306	0.652383	0.511258	0.648764	0.484888	0.680778	0.470755
0	1	0	0	0	0
0.761386	0.507523	0.639899	0.509537	0.641819	0.491678	0.680640	0.468734
0	1	0	0	0	0
0.762834	0.507937	0.647917	0.511633	0.642994	0.488363	0.678367	0.467194
0	1	0	0	0	0
0.763091	0.510787	0.641430	0.508864	0.638956	0.487514	0.677304	0.466653
0	1	0	0	0	0
0.761396	0.509353	0.646298	0.510839	0.636228	0.492820	0.672442	0.465961
0	1	0	0	0	0
0.756605	0.511111	0.635995	0.509661	0.636837	0.490455	0.675243	0.467099
0	1	0	0	0	0
0.756984	0.508615	0.641630	0.506383	0.638225	0.488164	0.680170	0.466337
0	1	0	0	0	0
0.763150	0.510982	0.643188	0.509310	0.633858	0.489237	0.673287	0.465227
0	1	0	0	0	0
0.760559	0.507736	0.646746	0.508002	0.634849	0.490029	0.670187	0.470056
0	1	0	0	0	0
0.759545	0.509346	0.649915	0.510109	0.642504	0.491849	0.671810	0.466347
0	1	0	0	0	0
0.762899	0.511815	0.644745	0.506681	0.646234	0.487590	0.679892	0.467342
0	1	0	0	0	0
0.761821	0.513847	0.643428	0.508451	0.637342	0.488681	0.670560	0.460776
0	1	0	0	0	0
0.763782	0.508557	0.643831	0.501968	0.639359	0.487388	0.675836	0.465285
0	1	0	0	0	0
0.764497	0.510235	0.648191	0.506828	0.644782	0.490523	0.678810	0.466719
0	1	0	0	0	0
0.763525	0.509977	0.645710	0.509476	0.647614	0.490587	0.668396	0.463533
0	1	0	0	0	0
0.759966	0.510156	0.641589	0.501829	0.635394	0.489204	0.670097	0.465761
0	1	0	0	0	0
0.760884	0.508243	0.618511	0.506180	0.644935	0.488043	0.675524	0.466617
0	1	0	0	0	0
0.760695	0.511322	0.640958	0.503087	0.642553	0.493393	0.668896	0.470071
0	1	0	0	0	0
0.762450	0.513783	0.640051	0.506289	0.635653	0.489331	0.673093	0.469220
0	1	0	0	0	0
0.759378	0.507106	0.641513	0.503437	0.635657	0.486511	0.678283	0.466418
0	1	0	0	0	0
0.761284	0.508460	0.641743	0.509425	0.649262	0.489929	0.681623	0.464665
0	1	0	0	0	0
0.762435	0.512983	0.647129	0.511770	0.641495	0.487840	0.668306	0.468552
0	1	0	0	0	0
0.762876	0.507401	0.637882	0.509748	0.637525	0.487738	0.666076	0.466538
0	1	0	0	0	0
0.756807	0.510672	0.644752	0.509166	0.636574	0.488667	0.670659	0.465833
0	1	0	0	0	0
0.766394	0.510484	0.646560	0.503562	0.641956	0.488809	0.678104	0.468054
0	1	0	0	0	0
0.762722	0.513886	0.633155	0.507352	0.636411	0.492033	0.675586	0.470972
0	1	0	0	0	0
0.756617	0.507170	0.653213	0.509028	0.642124	0.487901	0.671534	0.462975
0	1	0	0	0	0
0.752884	0.511426	0.635777	0.507557	0.642439	0.484790	0.667632	0.465652
0	1	0	0	0	0
0.773138	0.510776	0.646394	0.510916	0.636689	0.487422	0.667588	0.464761
0	1	0	0	0	0
0.759867	0.510458	0.639356	0.504975	0.649191	0.488944	0.671508	0.470663
0	1	0	0	0	0
0.762686	0.511131	0.634959	0.507464	0.642450	0.491135	0.675915	0.466174
0	1	0	0	0	0
0.759700	0.510003	0.642027	0.501898	0.631706	0.485727	0.677851	0.466099
0	1	0	0	0	0
0.762509	0.514364	0.636192	0.506084	0.634427	0.490281	0.675662	0.466746
0	1	0	0	0	0
0.759869	0.510859	0.636817	0.508241	0.645402	0.489006	0.676880	0.470319
0	1	0	0	0	0
0.761513	0.510845	0.637649	0.504024	0.636113	0.491437	0.671070	0.469149
0	1	0	0	0	0
0.761143	0.509763	0.642519	0.509397	0.634944	0.490145	0.673475	0.465937
0	1	0	0	0	0
0.758282	0.507587	0.642917	0.509649	0.644245	0.488867	0.674016	0.465369
0	1	0	0	0	0
0.763851	0.509354	0.639689	0.511335	0.636478	0.487059	0.669385	0.466663
0	1	0	0	0	0
0.762111	0.512350	0.647311	0.507856	0.645354	0.489071	0.669368	0.464032
0	1	0	0	0	0
0.762770	0.509637	0.642178	0.512803	0.636112	0.491090	0.675279	0.470890
0	1	0	0	0	0
0.759284	0.507175	0.649128	0.507631	0.634943	0.490036	0.671023	0.466599
0	1	0	0	0	0
0.760471	0.508904	0.650200	0.507350	0.643120	0.489278	0.671348	0.466037
0	1	0	0	0	0
0.760220	0.509515	0.646299	0.511170	0.644357	0.492214	0.676924	0.467959
0	1	0	0	0	0
0.761055	0.509705	0.651938	0.508449	0.640794	0.485905	0.674215	0.468244
0	1	0	0	0	0
0.758220	0.509788	0.643937	0.508109	0.639701	0.486174	0.667752	0.466083
0	1	0	0	0	0
0.763832	0.506319	0.647139	0.515379	0.644229	0.488690	0.667049	0.469976
0	1	0	0	0	0
0.758685	0.512762	0.637835	0.502506	0.633639	0.493692	0.674990	0.464867
0	1	0	0	0	0
0.759135	0.508900	0.642571	0.510934	0.634748	0.484820	0.670118	0.465208
0	1	0	0	0	0
0.761868	0.509430	0.650105	0.503180	0.637751	0.488990	0.676324	0.464826
0	1	0	0	0	0
0.762835	0.511648	0.642478	0.504768	0.635965	0.492903	0.677425	0.469626
0	1	0	0	0	0
0.761559	0.511943	0.653578	0.514708	0.643461	0.487401	0.675950	0.464234
0	1	0	0	0	0
0.760650	0.509163	0.638884	0.510481	0.630512	0.491270	0.675715	0.465106
0	1	0	0	0	0
0.762920	0.512735	0.647849	0.512519	0.633046	0.488509	0.671851	0.464465
0	1	0	0	0	0
0.763468	0.512019	0.644738	0.502539	0.647911	0.492781	0.666788	0.463350
0	1	0	0	0	0
0.762976	0.510088	0.626649	0.504037	0.637879	0.488025	0.671304	0.465625
0	1	0	0	0	0
0.759492	0.509768	0.636213	0.506400	0.649932	0.493275	0.680552	0.470657
0	1	0	0	0	0
0.761180	0.509270	0.621705	0.506421	0.637716	0.492237	0.671745	0.463048
0	1	0	0	0	0
0.761668	0.510443	0.650654	0.509633	0.630277	0.488985	0.671713	0.469918
0	1	0	0	0	0
0.762114	0.508049	0.645612	0.502430	0.630778	0.487956	0.671687	0.466068
0	1	0	0	0	0
0.757086	0.509246	0.641365	0.511909	0.638071	0.491055	0.673833	0.471437
0	1	0	0	0	0
0.766594	0.512211	0.649623	0.505539	0.647833	0.492473	0.680006	0.468977
0	1	0	0	0	0
0.820003	0.451870	0.566168	0.494229	0.600546	0.488677	0.634608	0.469797
0	0	1	0	0	0
0.828880	0.448314	0.574831	0.495932	0.603912	0.495884	0.637967	0.471058
0	0	1	0	0	0
0.824595	0.446746	0.560238	0.487546	0.605628	0.494445	0.636412	0.470404
0	0	1	0	0	0
0.818846	0.452266	0.563783	0.495397	0.595320	0.488546	0.632966	0.469310
0	0	1	0	0	0
0.820580	0.449458	0.581881	0.494564	0.604178	0.491684	0.639516	0.468032
0	0	1	0	0	0
0.821588	0.456645	0.563917	0.490916	0.606524	0.492201	0.630813	0.472674
0	0	1	0	0	0
0.823777	0.447960	0.573572	0.491709	0.599533	0.493625	0.634668	0.475646
0	0	1	0	0	0
0.817268	0.445890	0.561525	0.488216	0.592545	0.488900	0.634419	0.471912
0	0	1	0	0	0
0.818879	0.453104	0.573834	0.492202	0.604619	0.493050	0.638192	0.473652
0	0	1	0	0	0
0.821332	0.449811	0.571148	0.491003	0.603817	0.494386	0.636737	0.466145
0	0	1	0	0	0
0.821621	0.451523	0.564270	0.496460	0.608164	0.490303	0.639415	0.471267
0	0	1	0	0	0
0.820760	0.451119	0.574415	0.492784	0.597671	0.491085	0.632137	0.467213
0	0	1	0	0	0
0.821549	0.450902	0.566962	0.488309	0.603587	0.487388	0.639382	0.469426
0	0	1	0	0	0
0.823391	0.449059	0.570102	0.493923	0.605195	0.491304	0.641574	0.471491
0	0	1	0	0	0
0.820639	0.449444	0.566031	0.495181	0.601367	0.492490	0.639199	0.471349
0	0	1	0	0	0
0.821461	0.452120	0.568694	0.496508	0.600436	0.492378	0.637501	0.471963
0	0	1	0	0	0
0.824607	0.450002	0.582264	0.497243	0.602064	0.492449	0.648337	0.465205
0	0	1	0	0	0
0.820641	0.447729	0.564756	0.492590	0.607855	0.490803	0.637733	0.469005
0	0	1	0	0	0
0.823202	0.451083	0.570961	0.496084	0.606831	0.494627	0.637272	0.468083
0	0	1	0	0	0
0.818341	0.448995	0.577107	0.494541	0.598143	0.491329	0.643612	0.471632
0	0	1	0	0	0
0.818929	0.451911	0.562986	0.491132	0.595143	0.491529	0.643707	0.469637
0	0	1	0	0	0
0.825055	0.451180	0.574737	0.496223	0.606289	0.492073	0.635647	0.466051
0	0	1	0	0	0
0.820569	0.449650	0.572445	0.480695	0.606287	0.492462	0.633423	0.470972
0	0	1	0	0	0
0.820663	0.447982	0.570812	0.495302	0.597586	0.494009	0.638272	0.467475
0	0	1	0	0	0
0.813291	0.448659	0.573681	0.491759	0.596883	0.488026	0.639947	0.471029
0	0	1	0	0	0
0.820247	0.449774	0.568389	0.491209	0.604108	0.492403	0.634848	0.472739
0	0	1	0	0	0
0.819761	0.451753	0.569061	0.497992	0.599753	0.494223	0.640416	0.470663
0	0	1	0	0	0
0.815923	0.450303	0.567936	0.490004	0.595800	0.490840	0.638042	0.469526
0	0	1	0	0	0
0.825064	0.450501	0.574001	0.497375	0.592912	0.493816	0.637312	0.470107
0	0	1	0	0	0
0.824191	0.446416	0.569896	0.494239	0.599887	0.497475	0.619765	0.471981
0	0	1	0	0	0
0.821998	0.452005	0.563531	0.487160	0.596506	0.491430	0.639342	0.470091
0	0	1	0	0	0
0.828872	0.453339	0.570111	0.494009	0.593501	0.492400	0.638294	0.471559
0	0	1	0	0	0
0.819641	0.451556	0.573225	0.492296	0.606859	0.492574	0.637620	0.473160
0	0	1	0	0	0
0.822657	0.450872	0.566977	0.491360	0.594709	0.492799	0.636791	0.471546
0	0	1	0	0	0
0.821898	0.446303	0.566765	0.490988	0.595804	0.491539	0.642398	0.470346
0	0	1	0	0	0
0.820305	0.449938	0.567153	0.494243	0.594779	0.491272	0.643740	0.472185
0	0	1	0	0	0
0.832014	0.447387	0.581133	0.491180	0.597876	0.493225	0.636767	0.468930
0	0	1	0	0	0
0.822051	0.448144	0.571184	0.488365	0.601081	0.493372	0.636038	0.470805
0	0	1	0	0	0
0.819852	0.448143	0.574093	0.496091	0.596541	0.491586	0.646044	0.472835
0	0	1	0	0	0
0.828481	0.446520	0.560956	0.494343	0.605843	0.494146	0.634507	0.468824
0	0	1	0	0	0
0.822428	0.452543	0.565364	0.491735	0.601355	0.492414	0.634752	0.469771
0	0	1	0	0	0
0.821321	0.448727	0.571369	0.492682	0.594423	0.492080	0.632545	0.469316
0	0	1	0	0	0
0.817864	0.447725	0.570959	0.491527	0.596507	0.495635	0.639860	0.470977
0	0	1	0	0	0
0.817067	0.453213	0.567992	0.495815	0.604033	0.492777	0.636337	0.466579
0	0	1	0	0	0
0.818943	0.449390	0.574363	0.493599	0.598783	0.489617	0.643927	0.472446
0	0	1	0	0	0
0.823012	0.448623	0.564019	0.492881	0.593794	0.492599	0.637037	0.470779
0	0	1	0	0	0
0.818537	0.446177	0.573399	0.494918	0.606923	0.494382	0.633953	0.469768
0	0	1	0	0	0
0.823263	0.448796	0.567991	0.493544	0.587887	0.492381	0.636574	0.472127
0	0	1	0	0	0
0.820997	0.453158	0.575509	0.491978	0.597045	0.490999	0.628150	0.471044
0	0	1	0	0	0
0.822676	0.453824	0.572233	0.493764	0.601284	0.488751	0.634967	0.468761
0	0	1	0	0	0
0.824099	0.448902	0.569928	0.489971	0.603252	0.490559	0.633172	0.471049
0	0	1	0	0	0
0.820747	0.450862	0.570124	0.497332	0.597058	0.491108	0.638751	0.475904
0	0	1	0	0	0
0.822372	0.450645	0.559809	0.489786	0.604854	0.496269	0.645235	0.470108
0	0	1	0	0	0
0.820918	0.455155	0.575479	0.493917	0.606060	0.494126	0.638342	0.473488
0	0	1	0	0	0
0.824366	0.449620	0.572299	0.486201	0.610453	0.489216	0.639937	0.467499
0	0	1	0	0	0
0.819604	0.454034	0.568640	0.489865	0.601339	0.491653	0.630366	0.470282
0	0	1	0	0	0
0.822457	0.451113	0.572552	0.495132	0.597910	0.492374	0.628674	0.469792
0	0	1	0	0	0
0.819993	0.450589	0.565201	0.488656	0.609056	0.493179	0.644418	0.471092
0	0	1	0	0	0
0.822835	0.447372	0.568132	0.500855	0.593323	0.495365	0.638514	0.472883
0	0	1	0	0	0
0.824672	0.451306	0.566273	0.495361	0.604522	0.488400	0.641422	0.469871
0	0	1	0	0	0
0.821135	0.453266	0.562207	0.492989	0.605167	0.489882	0.638374	0.469762
0	0	1	0	0	0
0.814577	0.452856	0.578166	0.492338	0.606999	0.493700	0.634800	0.468538
0	0	1	0	0	0
0.819134	0.451540	0.564946	0.490357	0.610950	0.490963	0.633033	0.470385
0	0	1	0	0	0
0.824224	0.448966	0.564038	0.491322	0.598781	0.487251	0.645343	0.468628
0	0	1	0	0	0
0.822765	0.451363	0.570052	0.494614	0.603051	0.491311	0.642552	0.473574
0	0	1	0	0	0
0.822484	0.449141	0.563775	0.489542	0.605912	0.486052	0.644345	0.471439
0	0	1	0	0	0
0.823605	0.450598	0.569519	0.493457	0.599103	0.493933	0.636398	0.466638
0	0	1	0	0	0
0.826091	0.448124	0.569928	0.495166	0.597542	0.490516	0.636790	0.471405
0	0	1	0	0	0
0.822435	0.453123	0.560727	0.489644	0.600497	0.486439	0.621222	0.471655
0	0	1	0	0	0
0.812956	0.449399	0.568842	0.493190	0.599078	0.493422	0.632210	0.471810
0	0	1	0	0	0
0.824285	0.448985	0.570073	0.490950	0.595592	0.495101	0.646283	0.469706
0	0	1	0	0	0
0.817706	0.451489	0.573926	0.493228	0.589449	0.488438	0.634660	0.469769
0	0	1	0	0	0
0.828532	0.445819	0.570582	0.493655	0.593054	0.489430	0.636285	0.468385
0	0	1	0	0	0
0.822970	0.450304	0.569743	0.490045	0.600091	0.493282	0.637221	0.469346
0	0	1	0	0	0
0.818338	0.450015	0.579105	0.488732	0.599467	0.492622	0.636115	0.471913
0	0	1	0	0	0
0.821233	0.452200	0.570540	0.497606	0.594437	0.493524	0.640096	0.470719
0	0	1	0	0	0
0.820631	0.453657	0.580653	0.493036	0.601154	0.493986	0.635454	0.471799
0	0	1	0	0	0
0.818618	0.450238	0.562203	0.492579	0.601160	0.492513	0.643338	0.470919
0	0	1	0	0	0
0.817778	0.449685	0.569038	0.492423	0.594333	0.492514	0.641516	0.471521
0	0	1	0	0	0
0.831010	0.453392	0.576680	0.496636	0.598475	0.490625	0.641240	0.474898
0	0	1	0	0	0
0.826925	0.449140	0.558285	0.488155	0.605443	0.493196	0.639758	0.471595
0	0	1	0	0	0
0.823832	0.450156	0.578065	0.495979	0.610407	0.491439	0.636822	0.471723
0	0	1	0	0	0
0.821766	0.450052	0.572956	0.493553	0.611727	0.491506	0.637138	0.470493
0	0	1	0	0	0
0.822815	0.449101	0.561155	0.485342	0.603579	0.492949	0.634998	0.469144
0	0	1	0	0	0
0.823095	0.450500	0.559931	0.491934	0.602406	0.494674	0.638076	0.470945
0	0	1	0	0	0
0.814778	0.448397	0.578854	0.494612	0.595843	0.492040	0.640443	0.472504
0	0	1	0	0	0
0.834122	0.450888	0.568697	0.495213	0.599789	0.491845	0.639454	0.473708
0	0	1	0	0	0
0.830648	0.447814	0.576802	0.492323	0.604694	0.492147	0.638981	0.466930
0	0	1	0	0	0
0.822223	0.452503	0.569017	0.492432	0.599576	0.491553	0.634478	0.472389
0	0	1	0	0	0
0.821663	0.452395	0.577710	0.499139	0.589487	0.492254	0.643195	0.470743
0	0	1	0	0	0
0.818650	0.453341	0.568850	0.487314	0.596055	0.490210	0.638985	0.468390
0	0	1	0	0	0
0.819570	0.451850	0.567016	0.491210	0.600075	0.496294	0.635064	0.473168
0	0	1	0	0	0
0.825367	0.448790	0.580962	0.495737	0.604471	0.491336	0.635044	0.474138
0	0	1	0	0	0
0.818415	0.450135	0.566769	0.490518	0.596873	0.490612	0.637532	0.468221
0	0	1	0	0	0
0.823520	0.451702	0.567737	0.492480	0.597582	0.489628	0.638324	0.471836
0	0	1	0	0	0
0.830280	0.448341	0.572818	0.489654	0.594411	0.489965	0.639228	0.472371
0	0	1	0	0	0
0.822148	0.448734	0.566179	0.494262	0.600404	0.494834	0.639839	0.473553
0	0	1	0	0	0
0.821522	0.447123	0.571089	0.491767	0.598971	0.490462	0.641869	0.466797
0	0	1	0	0	0
0.823509	0.452216	0.556430	0.490768	0.596057	0.490947	0.639133	0.470887
0	0	1	0	0	0
0.819492	0.453063	0.575155	0.493380	0.609231	0.493575	0.636293	0.471839
0	0	1	0	0	0
0.816975	0.448146	0.568177	0.496723	0.605862	0.489872	0.629642	0.466940
0	0	1	0	0	0
0.820525	0.453395	0.575195	0.490666	0.603237	0.488897	0.639860	0.471380
0	0	1	0	0	0
0.827501	0.452055	0.571403	0.492481	0.601009	0.490206	0.641933	0.466649
0	0	1	0	0	0
0.824818	0.448165	0.568839	0.491468	0.601645	0.493212	0.635935	0.474358
0	0	1	0	0	0
0.818946	0.450016	0.569542	0.490294	0.607036	0.493426	0.643753	0.476481
0	0	1	0	0	0
0.817991	0.452585	0.567264	0.492976	0.607822	0.495180	0.634899	0.475725
0	0	1	0	0	0
0.815202	0.454774	0.564724	0.489164	0.600585	0.489475	0.618229	0.466773
0	0	1	0	0	0
0.823795	0.449457	0.576020	0.500000	0.603420	0.489368	0.648328	0.467240
0	0	1	0	0	0
0.819371	0.454591	0.567059	0.488161	0.604818	0.487652	0.630174	0.470021
0	0	1	0	0	0
0.823767	0.448170	0.568776	0.493274	0.604908	0.493069	0.639091	0.472812
0	0	1	0	0	0
0.821240	0.447450	0.575247	0.492999	0.600430	0.487956	0.635730	0.472831
0	0	1	0	0	0
0.822082	0.447969	0.562960	0.492368	0.592862	0.490745	0.638065	0.471364
0	0	1	0	0	0
0.821405	0.449962	0.571955	0.495414	0.608509	0.493109	0.632290	0.468370
0	0	1	0	0	0
0.821697	0.453488	0.566421	0.493357	0.598561	0.492446	0.634883	0.467480
0	0	1	0	0	0
0.819936	0.449736	0.564995	0.491224	0.596197	0.487697	0.643116	0.470016
0	0	1	0	0	0
0.821077	0.451399	0.575250	0.494527	0.601453	0.492986	0.639571	0.468363
0	0	1	0	0	0
0.822466	0.451362	0.542419	0.492007	0.597779	0.494954	0.637324	0.470084
0	0	1	0	0	0
0.821150	0.451293	0.579174	0.496714	0.596012	0.492932	0.643139	0.468517
0	0	1	0	0	0
0.819066	0.449563	0.565948	0.496718	0.591744	0.490236	0.641114	0.471089
0	0	1	0	0	0
0.833382	0.450883	0.567137	0.493410	0.604643	0.496393	0.640014	0.472226
0	0	1	0	0	0
0.820877	0.454359	0.562425	0.498356	0.604885	0.494128	0.647627	0.469706
0	0	1	0	0	0
0.820920	0.455179	0.563495	0.486569	0.592782	0.490687	0.631595	0.469216
0	0	1	0	0	0
0.816043	0.451421	0.574297	0.494134	0.595855	0.493058	0.637618	0.468749
0	0	1	0	0	0
0.811774	0.449272	0.569060	0.490741	0.606076	0.493530	0.641712	0.474343
0	0	1	0	0	0
0.824505	0.451580	0.563050	0.496598	0.604375	0.493923	0.637227	0.470121
0	0	1	0	0	0
0.818600	0.448089	0.565311	0.487273	0.593798	0.487778	0.635580	0.466805
0	0	1	0	0	0
0.822966	0.450575	0.570185	0.492961	0.590406	0.493092	0.635950	0.469462
0	0	1	0	0	0
0.822184	0.452681	0.578580	0.495617	0.601154	0.488499	0.631073	0.469051
0	0	1	0	0	0
0.821611	0.452027	0.561553	0.491977	0.589468	0.492799	0.638761	0.470501
0	0	1	0	0	0
0.820333	0.450972	0.566179	0.493507	0.588388	0.493343	0.637621	0.467321
0	0	1	0	0	0
0.820140	0.453236	0.569574	0.497864	0.604465	0.486486	0.634019	0.469071
0	0	1	0	0	0
0.823514	0.452008	0.561283	0.492877	0.602250	0.490968	0.637646	0.472385
0	0	1	0	0	0
0.825442	0.451367	0.572664	0.493144	0.596409	0.498563	0.641343	0.469602
0	0	1	0	0	0
0.818775	0.448877	0.575220	0.491431	0.602758	0.489078	0.634378	0.467372
0	0	1	0	0	0
0.815697	0.449266	0.572948	0.491698	0.597366	0.494632	0.645095	0.467794
0	0	1	0	0	0
0.822586	0.448950	0.567843	0.493395	0.597588	0.494819	0.640621	0.466422
0	0	1	0	0	0
0.823354	0.449725	0.564665	0.494241	0.596811	0.494708	0.641156	0.468331
0	0	1	0	0	0
0.820216	0.452258	0.563751	0.492821	0.605034	0.488728	0.639515	0.467273
0	0	1	0	0	0
0.817479	0.450432	0.562641	0.491088	0.597760	0.495197	0.641966	0.468629
0	0	1	0	0	0
0.826650	0.452460	0.562845	0.493820	0.606291	0.498555	0.641227	0.470624
0	0	1	0	0	0
0.822675	0.451409	0.562887	0.494862	0.612529	0.492320	0.632981	0.471076
0	0	1	0	0	0
0.819522	0.449620	0.570452	0.493233	0.599766	0.489098	0.644657	0.469987
0	0	1	0	0	0
0.818395	0.451942	0.565181	0.495798	0.607548	0.493027	0.643957	0.468646
0	0	1	0	0	0
0.829676	0.449309	0.566544	0.487164	0.606644	0.490097	0.642123	0.470255
0	0	1	0	0	0
0.827563	0.448830	0.573328	0.490774	0.611087	0.490572	0.635263	0.469985
0	0	1	0	0	0
0.822341	0.450700	0.569862	0.499229	0.605986	0.491854	0.645433	0.472653
0	0	1	0	0	0
0.819992	0.448888	0.563322	0.486789	0.607633	0.494578	0.641607	0.469393
0	0	1	0	0	0
0.823298	0.452674	0.568082	0.493975	0.603600	0.492593	0.643268	0.471817
0	0	1	0	0	0
0.821200	0.450926	0.561026	0.493397	0.595890	0.487043	0.636229	0.467525
0	0	1	0	0	0
0.820849	0.448239	0.564392	0.495217	0.595867	0.495159	0.636016	0.467749
0	0	1	0	0	0
0.662505	0.510536	0.550630	0.506252	0.603795	0.482891	0.792271	0.412811
0	0	0	1	0	0
0.662488	0.502756	0.553849	0.507861	0.613302	0.479270	0.791531	0.415063
0	0	0	1	0	0
0.666032	0.504090	0.542978	0.507965	0.609741	0.482969	0.795698	0.413833
0	0	0	1	0	0
0.663094	0.509507	0.548524	0.503672	0.619073	0.481765	0.793909	0.413886
0	0	0	1	0	0
0.671946	0.502400	0.550880	0.505850	0.604117	0.484615	0.795098	0.414157
0	0	0	1	0	0
0.662872	0.505518	0.539594	0.505424	0.603004	0.477092	0.794613	0.420139
0	0	0	1	0	0
0.664689	0.503386	0.557374	0.505194	0.616459	0.484413	0.795404	0.412271
0	0	0	1	0	0
0.669931	0.505416	0.543855	0.506484	0.608018	0.480737	0.802610	0.411548
0	0	0	1	0	0
0.668094	0.507612	0.550806	0.507193	0.609402	0.478951	0.794480	0.416956
0	0	0	1	0	0
0.661271	0.510760	0.553921	0.509454	0.601960	0.485021	0.793952	0.411703
0	0	0	1	0	0
0.664369	0.506248	0.553722	0.504029	0.606613	0.485733	0.789791	0.414324
0	0	0	1	0	0
0.666647	0.506873	0.550754	0.505931	0.626344	0.483049	0.800098	0.414402
0	0	0	1	0	0
0.674185	0.505676	0.549104	0.503486	0.607734	0.482766	0.794249	0.418932
0	0	0	1	0	0
0.680452	0.506742	0.555519	0.506325	0.607641	0.463466	0.797892	0.414424
0	0	0	1	0	0
0.670187	0.509817	0.548507	0.506016	0.605331	0.479352	0.798286	0.417277
0	0	0	1	0	0
0.668137	0.509319	0.538556	0.503006	0.611639	0.483922	0.797314	0.417809
0	0	0	1	0	0
0.664290	0.507522	0.551334	0.507665	0.617314	0.483053	0.797856	0.411831
0	0	0	1	0	0
0.666720	0.507525	0.556494	0.501312	0.608573	0.484717	0.791550	0.416064
0	0	0	1	0	0
0.669964	0.509070	0.561620	0.506372	0.612479	0.479193	0.796659	0.417138
0	0	0	1	0	0
0.666766	0.507765	0.550313	0.502743	0.603218	0.479967	0.794287	0.416890
0	0	0	1	0	0
0.666201	0.506728	0.550523	0.498700	0.604306	0.482647	0.797169	0.417253
0	0	0	1	0	0
0.667152	0.506780	0.554912	0.512038	0.615973	0.481050	0.794843	0.416981
0	0	0	1	0	0
0.670510	0.502399	0.542276	0.508999	0.615369	0.479911	0.800347	0.412664
0	0	0	1	0	0
0.663905	0.505842	0.545589	0.507150	0.609339	0.480101	0.796350	0.414521
0	0	0	1	0	0
0.658027	0.506030	0.555908	0.507881	0.606691	0.477419	0.797364	0.410543
0	0	0	1	0	0
0.667776	0.505861	0.551383	0.499920	0.610659	0.477411	0.794735	0.413891
0	0	0	1	0	0
0.651009	0.509180	0.560055	0.506640	0.610858	0.483961	0.799771	0.415365
0	0	0	1	0	0
0.653593	0.508797	0.558976	0.502266	0.598529	0.481953	0.800910	0.412607
0	0	0	1	0	0
0.666396	0.507842	0.535859	0.498155	0.598854	0.485820	0.793570	0.415573
0	0	0	1	0	0
0.667119	0.504617	0.561898	0.501194	0.608791	0.479737	0.800126	0.413539
0	0	0	1	0	0
0.671157	0.506610	0.550751	0.503947	0.608400	0.480996	0.794641	0.417936
0	0	0	1	0	0
0.671101	0.505054	0.553543	0.507391	0.615047	0.481730	0.794481	0.417937
0	0	0	1	0	0
0.666886	0.509768	0.553721	0.506983	0.609639	0.480429	0.793910	0.415182
0	0	0	1	0	0
0.669473	0.507537	0.545738	0.505621	0.604773	0.480457	0.794140	0.415058
0	0	0	1	0	0
0.661447	0.505695	0.547130	0.508928	0.607911	0.482389	0.797128	0.412744
0	0	0	1	0	0
0.667508	0.504139	0.551338	0.501096	0.614942	0.481871	0.794805	0.416928
0	0	0	1	0	0
0.682558	0.507988	0.545319	0.505331	0.605894	0.482758	0.791768	0.415350
0	0	0	1	0	0
0.669453	0.505405	0.554651	0.509278	0.606041	0.477378	0.793187	0.415177
0	0	0	1	0	0
0.670277	0.507884	0.544506	0.497468	0.609241	0.480497	0.796020	0.416153
0	0	0	1	0	0
0.669385	0.507190	0.557797	0.506669	0.612502	0.482191	0.799043	0.413442
0	0	0	1	0	0
0.665662	0.509362	0.550481	0.504307	0.604947	0.481603	0.795182	0.411140
0	0	0	1	0	0
0.656051	0.506950	0.547149	0.505721	0.602093	0.478728	0.795464	0.417412
0	0	0	1	0	0
0.664995	0.508657	0.556590	0.507991	0.610884	0.481574	0.793222	0.414460
0	0	0	1	0	0
0.668791	0.509911	0.551777	0.500643	0.620497	0.482626	0.790652	0.412530
0	0	0	1	0	0
0.665187	0.509148	0.546757	0.506380	0.618952	0.481513	0.786847	0.414610
0	0	0	1	0	0
0.668031	0.505533	0.559488	0.503690	0.605121	0.476025	0.800495	0.415549
0	0	0	1	0	0
0.669560	0.508960	0.544219	0.507649	0.606983	0.480947	0.799587	0.414757
0	0	0	1	0	0
0.672737	0.508682	0.548450	0.506866	0.620170	0.499768	0.792712	0.412410
0	0	0	1	0	0
0.664063	0.506589	0.555621	0.504634	0.614473	0.481346	0.795580	0.415094
0	0	0	1	0	0
0.662747	0.506667	0.550257	0.502420	0.605851	0.482461	0.794202	0.414991
0	0	0	1	0	0
0.662323	0.505989	0.561010	0.505360	0.612030	0.475965	0.795286	0.417168
0	0	0	1	0	0
0.669259	0.509312	0.543306	0.500543	0.616619	0.482703	0.796284	0.413372
0	0	0	1	0	0
0.667690	0.506444	0.552665	0.507814	0.601739	0.486459	0.795637	0.410389
0	0	0	1	0	0
0.665946	0.505888	0.554742	0.503865	0.605380	0.481100	0.795153	0.413642
0	0	0	1	0	0
0.662061	0.507516	0.547996	0.506946	0.610890	0.482498	0.800984	0.416276
0	0	0	1	0	0
0.668005	0.509318	0.550609	0.507418	0.607872	0.476932	0.789059	0.418436
0	0	0	1	0	0
0.665237	0.506852	0.556153	0.504426	0.610170	0.479921	0.792580	0.416290
0	0	0	1	0	0
0.666511	0.510711	0.551807	0.506751	0.616381	0.498763	0.796759	0.409297
0	0	0	1	0	0
0.670362	0.510104	0.564047	0.504919	0.619283	0.481147	0.798640	0.417527
0	0	0	1	0	0
0.661555	0.509515	0.539411	0.504316	0.607379	0.479737	0.788765	0.412705
0	0	0	1	0	0
0.668691	0.506727	0.547942	0.512508	0.606133	0.477834	0.795827	0.417248
0	0	0	1	0	0
0.668154	0.505950	0.556573	0.502325	0.618374	0.462800	0.795681	0.417691
0	0	0	1	0	0
0.665570	0.506856	0.559077	0.505955	0.621415	0.479714	0.789510	0.411209
0	0	0	1	0	0
0.663791	0.504704	0.550221	0.503600	0.609969	0.481893	0.795874	0.412540
0	0	0	1	0	0
0.669621	0.508398	0.545021	0.518869	0.604853	0.482866	0.788982	0.415006
0	0	0	1	0	0
0.665965	0.511703	0.560026	0.509225	0.614247	0.484167	0.798697	0.413265
0	0	0	1	0	0
0.665872	0.505870	0.547189	0.519816	0.615434	0.487639	0.795641	0.415932
0	0	0	1	0	0
0.671112	0.506160	0.543457	0.502891	0.616905	0.486713	0.782135	0.414181
0	0	0	1	0	0
0.684776	0.508829	0.550618	0.504330	0.610418	0.479374	0.789614	0.413656
0	0	0	1	0	0
0.667833	0.507320	0.549509	0.507196	0.606992	0.480558	0.796342	0.412853
0	0	0	1	0	0
0.665626	0.508147	0.559320	0.506899	0.614055	0.481813	0.792803	0.414773
0	0	0	1	0	0
0.659784	0.506134	0.546318	0.505780	0.611448	0.484984	0.797102	0.414973
0	0	0	1	0	0
0.671577	0.504743	0.559586	0.502944	0.607058	0.486389	0.797881	0.410305
0	0	0	1	0	0
0.672613	0.505931	0.575261	0.501746	0.607212	0.480266	0.788334	0.414587
0	0	0	1	0	0
0.680166	0.503573	0.547166	0.505241	0.613926	0.481437	0.794773	0.416465
0	0	0	1	0	0
0.671869	0.506951	0.555916	0.506861	0.614594	0.481649	0.796727	0.418679
0	0	0	1	0	0
0.666598	0.506240	0.554222	0.508684	0.614429	0.482462	0.791258	0.413414
0	0	0	1	0	0
0.668050	0.501339	0.550161	0.503003	0.614497	0.480677	0.794555	0.417244
0	0	0	1	0	0
0.663274	0.507754	0.559991	0.508208	0.613103	0.481713	0.793118	0.418183
0	0	0	1	0	0
0.662191	0.508702	0.546695	0.503551	0.614309	0.475673	0.793105	0.417829
0	0	0	1	0	0
0.670561	0.505386	0.552926	0.505937	0.601198	0.481530	0.796923	0.413694
0	0	0	1	0	0
0.668640	0.505106	0.548596	0.504645	0.613013	0.498708	0.798667	0.418548
0	0	0	1	0	0
0.672864	0.505046	0.548656	0.500155	0.611415	0.480204	0.796503	0.414757
0	0	0	1	0	0
0.669007	0.506332	0.554583	0.505204	0.601498	0.478554	0.788651	0.413535
0	0	0	1	0	0
0.666339	0.509385	0.553531	0.505623	0.609030	0.478354	0.793199	0.411298
0	0	0	1	0	0
0.663990	0.506637	0.543981	0.499296	0.608409	0.479979	0.785073	0.412998
0	0	0	1	0	0
0.666643	0.506452	0.562101	0.503973	0.612026	0.484956	0.784624	0.412510
0	0	0	1	0	0
0.665568	0.506746	0.550851	0.502020	0.613660	0.481167	0.788986	0.414183
0	0	0	1	0	0
0.666438	0.506046	0.548815	0.506917	0.607961	0.477117	0.793036	0.414897
0	0	0	1	0	0
0.662864	0.507879	0.553787	0.501926	0.604028	0.479045	0.796044	0.418938
0	0	0	1	0	0
0.666212	0.505660	0.558019	0.507136	0.621702	0.487363	0.797241	0.414232
0	0	0	1	0	0
0.666021	0.503583	0.551340	0.502268	0.613561	0.499084	0.796725	0.411212
0	0	0	1	0	0
0.666163	0.508527	0.554864	0.503864	0.620294	0.482418	0.795603	0.415393
0	0	0	1	0	0
0.671371	0.508081	0.559594	0.508354	0.607354	0.477653	0.792214	0.416629
0	0	0	1	0	0
0.665913	0.504614	0.538382	0.503866	0.609670	0.480269	0.791569	0.410015
0	0	0	1	0	0
0.664620	0.507143	0.554661	0.499843	0.611550	0.483664	0.789657	0.413709
0	0	0	1	0	0
0.656430	0.504237	0.556327	0.511595	0.617039	0.479105	0.794918	0.415632
0	0	0	1	0	0
0.670134	0.509867	0.549541	0.498121	0.614211	0.482970	0.796242	0.413926
0	0	0	1	0	0
0.666652	0.506919	0.550518	0.508155	0.613523	0.480078	0.797029	0.415498
0	0	0	1	0	0
0.660669	0.510884	0.553151	0.498307	0.611943	0.497779	0.798577	0.415384
0	0	0	1	0	0
0.672106	0.507322	0.542414	0.501236	0.613028	0.479418	0.794522	0.413037
0	0	0	1	0	0
0.663546	0.505416	0.566212	0.506995	0.607395	0.481022	0.784980	0.411100
0	0	0	1	0	0
0.669425	0.505884	0.550378	0.508309	0.612248	0.497721	0.791439	0.415318
0	0	0	1	0	0
0.666165	0.506526	0.526565	0.502609	0.613715	0.483822	0.792450	0.414519
0	0	0	1	0	0
0.665413	0.505651	0.558667	0.511673	0.600694	0.480234	0.793037	0.414380
0	0	0	1	0	0
0.671143	0.504514	0.549590	0.505154	0.601969	0.481299	0.796150	0.413838
0	0	0	1	0	0
0.651625	0.508330	0.551171	0.517901	0.616306	0.479184	0.795671	0.413129
0	0	0	1	0	0
0.670526	0.503602	0.556079	0.508170	0.614421	0.481390	0.799004	0.411524
0	0	0	1	0	0
0.670536	0.504041	0.550467	0.503030	0.602478	0.481543	0.799804	0.416318
0	0	0	1	0	0
0.655728	0.507682	0.558377	0.508249	0.605924	0.480235	0.798316	0.417865
0	0	0	1	0	0
0.665068	0.508172	0.548837	0.506687	0.620297	0.482338	0.799395	0.418175
0	0	0	1	0	0
0.669656	0.507752	0.536902	0.504752	0.613101	0.483620	0.799209	0.417355
0	0	0	1	0	0
0.664669	0.503676	0.561228	0.508221	0.609409	0.499549	0.796231	0.414281
0	0	0	1	0	0
0.666725	0.507013	0.542301	0.503687	0.606650	0.482412	0.794949	0.412211
0	0	0	1	0	0
0.666816	0.506511	0.544735	0.506834	0.615328	0.485544	0.797969	0.412695
0	0	0	1	0	0
0.663035	0.509301	0.555406	0.503775	0.610849	0.483225	0.797380	0.414838
0	0	0	1	0	0
0.650943	0.508242	0.544877	0.503476	0.607947	0.483219	0.790218	0.412892
0	0	0	1	0	0
0.678349	0.504725	0.557933	0.505778	0.603031	0.480050	0.797235	0.414190
0	0	0	1	0	0
0.664270	0.505264	0.550835	0.502044	0.608047	0.482283	0.797635	0.417096
0	0	0	1	0	0
0.663740	0.507812	0.552276	0.505499	0.611534	0.485288	0.792933	0.415277
0	0	0	1	0	0
0.666723	0.507428	0.557913	0.514437	0.610055	0.486736	0.792625	0.414952
0	0	0	1	0	0
0.665543	0.505794	0.540582	0.503658	0.605438	0.478770	0.794150	0.415782
0	0	0	1	0	0
0.664837	0.505734	0.547335	0.505879	0.610427	0.477939	0.798914	0.413455
0	0	0	1	0	0
0.667715	0.508333	0.555658	0.502888	0.604554	0.485800	0.795651	0.417806
0	0	0	1	0	0
0.667777	0.506692	0.557330	0.506545	0.605273	0.485336	0.796345	0.411297
0	0	0	1	0	0
0.665330	0.506232	0.556673	0.504586	0.605410	0.487867	0.791919	0.416210
0	0	0	1	0	0
0.670662	0.508405	0.550116	0.499446	0.606449	0.479605	0.797238	0.415686
0	0	0	1	0	0
0.664376	0.506800	0.557006	0.509062	0.618024	0.483393	0.794820	0.415596
0	0	0	1	0	0
0.668915	0.505486	0.553046	0.503555	0.611630	0.486800	0.791106	0.410536
0	0	0	1	0	0
0.669530	0.507507	0.549938	0.507148	0.599341	0.479558	0.792723	0.416737
0	0	0	1	0	0
0.664537	0.509456	0.553099	0.508830	0.609435	0.479675	0.796051	0.415193
0	0	0	1	0	0
0.667623	0.505207	0.547414	0.502062	0.610646	0.485549	0.797430	0.417610
0	0	0	1	0	0
0.663989	0.507444	0.549697	0.510364	0.596681	0.478669	0.786091	0.414493
0	0	0	1	0	0
0.666151	0.509371	0.551693	0.501330	0.609162	0.482707	0.792086	0.416122
0	0	0	1	0	0
0.659952	0.507994	0.551425	0.507519	0.615792	0.463023	0.787158	0.420418
0	0	0	1	0	0
0.669413	0.509819	0.555595	0.504009	0.614573	0.480676	0.794098	0.417127
0	0	0	1	0	0
0.666262	0.504021	0.556247	0.506393	0.606055	0.481618	0.793581	0.411019
0	0	0	1	0	0
0.666230	0.506373	0.551243	0.508216	0.602235	0.462792	0.800239	0.413742
0	0	0	1	0	0
0.665351	0.508006	0.551645	0.505873	0.600388	0.482423	0.790237	0.414073
0	0	0	1	0	0
0.665292	0.509968	0.546284	0.510519	0.612448	0.482891	0.794109	0.417402
0	0	0	1	0	0
0.671664	0.504788	0.554122	0.506344	0.604864	0.499925	0.798131	0.417000
0	0	0	1	0	0
0.669860	0.505250	0.546384	0.505818	0.620743	0.482430	0.799112	0.413518
0	0	0	1	0	0
0.669551	0.504671	0.554109	0.506829	0.613456	0.480060	0.791005	0.413578
0	0	0	1	0	0
0.663444	0.508242	0.548061	0.505970	0.613993	0.482377	0.792208	0.417001
0	0	0	1	0	0
0.652471	0.508437	0.552355	0.501698	0.614882	0.481067	0.793967	0.412758
0	0	0	1	0	0
0.680051	0.507491	0.553714	0.507126	0.607528	0.481096	0.794707	0.415828
0	0	0	1	0	0
0.667695	0.506725	0.540239	0.505498	0.606131	0.478417	0.795679	0.417126
0	0	0	1	0	0
0.667184	0.505932	0.551104	0.505273	0.617317	0.480936	0.792385	0.418659
0	0	0	1	0	0
0.666050	0.508318	0.548983	0.507688	0.612457	0.466468	0.793011	0.413807
0	0	0	1	0	0
0.664672	0.508689	0.542866	0.503061	0.611514	0.481984	0.797152	0.415018
0	0	0	1	0	0
0.763501	0.475725	0.583683	0.505328	0.606154	0.488557	0.699299	0.436167
0	0	0	0	1	0
0.764057	0.476640	0.577593	0.505608	0.611371	0.484050	0.701518	0.438235
0	0	0	0	1	0
0.763166	0.480130	0.587361	0.502365	0.601158	0.487817	0.702496	0.440131
0	0	0	0	1	0
0.756139	0.475298	0.585245	0.507035	0.605844	0.485572	0.707360	0.435885
0	0	0	0	1	0
0.764102	0.476691	0.575498	0.508428	0.607345	0.487198	0.705330	0.435266
0	0	0	0	1	0
0.754141	0.478981	0.574800	0.508032	0.610731	0.492717	0.697367	0.432982
0	0	0	0	1	0
0.754789	0.477978	0.583568	0.502136	0.603885	0.484720	0.703933	0.436282
0	0	0	0	1	0
0.757132	0.476018	0.581828	0.505758	0.603774	0.486706	0.701518	0.434608
0	0	0	0	1	0
0.758079	0.480603	0.587256	0.508985	0.601865	0.488266	0.708510	0.434609
0	0	0	0	1	0
0.757953	0.478583	0.575697	0.504609	0.603193	0.487346	0.707012	0.440726
0	0	0	0	1	0
0.757974	0.477842	0.592726	0.502004	0.607757	0.490430	0.704329	0.435426
0	0	0	0	1	0
0.760632	0.479690	0.582025	0.501723	0.599212	0.489744	0.703394	0.437760
0	0	0	0	1	0
0.760381	0.479263	0.565258	0.502703	0.600274	0.490325	0.712510	0.433364
0	0	0	0	1	0
0.753995	0.481294	0.597853	0.506472	0.605272	0.484555	0.704353	0.434600
0	0	0	0	1	0
0.753651	0.477891	0.576256	0.499363	0.605594	0.485842	0.691002	0.437949
0	0	0	0	1	0
0.761258	0.478481	0.578248	0.503902	0.613397	0.489428	0.707934	0.436954
0	0	0	0	1	0
0.762406	0.475314	0.591559	0.501348	0.611863	0.489656	0.700019	0.435960
0	0	0	0	1	0
0.761064	0.475341	0.584831	0.505354	0.608227	0.488518	0.711611	0.439428
0	0	0	0	1	0
0.752317	0.477917	0.587706	0.496885	0.597824	0.489719	0.703908	0.439221
0	0	0	0	1	0
0.761179	0.476637	0.569875	0.505367	0.603374	0.490696	0.704444	0.434087
0	0	0	0	1	0
0.761970	0.477308	0.588010	0.507101	0.601706	0.488093	0.705237	0.436614
0	0	0	0	1	0
0.758430	0.477797	0.583285	0.500307	0.602727	0.491683	0.705712	0.435694
0	0	0	0	1	0
0.762582	0.477151	0.580526	0.508950	0.604035	0.491085	0.704071	0.437257
0	0	0	0	1	0
0.757880	0.476915	0.572880	0.506042	0.606072	0.488825	0.703918	0.437630
0	0	0	0	1	0
0.757832	0.476148	0.584797	0.501911	0.612193	0.486798	0.705526	0.439855
0	0	0	0	1	0
0.759020	0.474927	0.575188	0.508895	0.606553	0.489327	0.705656	0.435493
0	0	0	0	1	0
0.760809	0.474728	0.593805	0.504628	0.596147	0.492843	0.706434	0.437585
0	0	0	0	1	0
0.762909	0.477611	0.574114	0.505538	0.606077	0.489910	0.705554	0.433869
0	0	0	0	1	0
0.757543	0.476300	0.576495	0.501447	0.613044	0.487856	0.697681	0.439704
0	0	0	0	1	0
0.756131	0.478174	0.578957	0.497542	0.609406	0.485633	0.710852	0.433892
0	0	0	0	1	0
0.760222	0.471062	0.588255	0.502800	0.612326	0.489779	0.709610	0.434576
0	0	0	0	1	0
0.755353	0.476127	0.575878	0.506633	0.605419	0.488331	0.706785	0.436468
0	0	0	0	1	0
0.752687	0.476081	0.579044	0.508766	0.607565	0.486952	0.702786	0.437806
0	0	0	0	1	0
0.762553	0.472612	0.566319	0.507757	0.615034	0.488447	0.704704	0.436019
0	0	0	0	1	0
0.760402	0.475551	0.576143	0.507131	0.615655	0.487314	0.702142	0.438926
0	0	0	0	1	0
0.765643	0.473779	0.589671	0.507914	0.598585	0.486395	0.705745	0.439583
0	0	0	0	1	0
0.755935	0.478693	0.571068	0.502474	0.603405	0.481515	0.701854	0.435930
0	0	0	0	1	0
0.752002	0.474983	0.577184	0.501921	0.606146	0.483526	0.699075	0.438605
0	0	0	0	1	0
0.757224	0.477906	0.580597	0.501760	0.602708	0.488193	0.705061	0.435068
0	0	0	0	1	0
0.750196	0.479134	0.580741	0.501346	0.606659	0.492115	0.706939	0.435272
0	0	0	0	1	0
0.755091	0.478256	0.589625	0.500317	0.608846	0.489913	0.701091	0.438617
0	0	0	0	1	0
0.761242	0.477114	0.584508	0.504165	0.607345	0.494699	0.703194	0.430746
0	0	0	0	1	0
0.762532	0.480405	0.577095	0.505916	0.598695	0.489309	0.700286	0.437661
0	0	0	0	1	0
0.757224	0.474723	0.574211	0.517919	0.608328	0.489248	0.692163	0.431851
0	0	0	0	1	0
0.760818	0.475721	0.587632	0.504413	0.615202	0.487145	0.698667	0.438207
0	0	0	0	1	0
0.754449	0.474598	0.590463	0.504876	0.615101	0.486189	0.709095	0.439842
0	0	0	0	1	0
0.757739	0.478972	0.576993	0.505708	0.603376	0.488916	0.707837	0.435747
0	0	0	0	1	0
0.761060	0.478019	0.584905	0.505678	0.600716	0.486501	0.705263	0.439168
0	0	0	0	1	0
0.754800	0.480341	0.576182	0.500605	0.602824	0.487265	0.708727	0.436576
0	0	0	0	1	0
0.760075	0.479503	0.581383	0.504484	0.610477	0.491975	0.703326	0.434646
0	0	0	0	1	0
0.760545	0.477742	0.578893	0.508581	0.605877	0.491572	0.701275	0.434959
0	0	0	0	1	0
0.755586	0.463465	0.576585	0.500693	0.605531	0.487259	0.698680	0.436001
0	0	0	0	1	0
0.755814	0.475112	0.589963	0.507711	0.598583	0.485178	0.702704	0.436909
0	0	0	0	1	0
0.755627	0.477423	0.586559	0.502348	0.614770	0.485778	0.711307	0.434957
0	0	0	0	1	0
0.760945	0.479155	0.579155	0.504501	0.611641	0.489095	0.706228	0.436474
0	0	0	0	1	0
0.759807	0.477840	0.582348	0.505588	0.603840	0.488687	0.709261	0.441253
0	0	0	0	1	0
0.754108	0.478332	0.571647	0.500703	0.604176	0.489080	0.706532	0.434338
0	0	0	0	1	0
0.752915	0.477418	0.564106	0.504375	0.611019	0.491532	0.704327	0.435939
0	0	0	0	1	0
0.759591	0.479893	0.583987	0.503185	0.610482	0.484342	0.696838	0.435969
0	0	0	0	1	0
0.761232	0.475732	0.574659	0.505728	0.612117	0.489237	0.698382	0.434952
0	0	0	0	1	0
0.757555	0.475808	0.583837	0.506295	0.603228	0.487541	0.703779	0.436869
0	0	0	0	1	0
0.758926	0.477676	0.572807	0.507540	0.604397	0.486349	0.706897	0.435935
0	0	0	0	1	0
0.758700	0.463447	0.582986	0.507023	0.601682	0.484289	0.703829	0.436773
0	0	0	0	1	0
0.759712	0.478293	0.583898	0.503728	0.606407	0.487858	0.703415	0.438031
0	0	0	0	1	0
0.756022	0.474715	0.577525	0.498393	0.615493	0.488883	0.702013	0.436277
0	0	0	0	1	0
0.761535	0.479403	0.594691	0.506946	0.603023	0.489480	0.715479	0.438616
0	0	0	0	1	0
0.756749	0.474758	0.577286	0.498283	0.598593	0.485965	0.703551	0.435894
0	0	0	0	1	0
0.762483	0.476069	0.579540	0.503289	0.605951	0.491635	0.710110	0.437045
0	0	0	0	1	0
0.758976	0.479808	0.597626	0.506159	0.611192	0.488729	0.706732	0.434416
0	0	0	0	1	0
0.761383	0.475625	0.565856	0.501631	0.606295	0.487366	0.702880	0.434514
0	0	0	0	1	0
0.759607	0.475873	0.567281	0.503145	0.601098	0.491793	0.705065	0.441756
0	0	0	0	1	0
0.753820	0.472912	0.585040	0.502642	0.602135	0.486523	0.706605	0.433359
0	0	0	0	1	0
0.753908	0.478213	0.563114	0.504345	0.607622	0.488387	0.705660	0.436990
0	0	0	0	1	0
0.761251	0.475326	0.580846	0.503568	0.609608	0.489623	0.701074	0.437307
0	0	0	0	1	0
0.764175	0.474074	0.571858	0.509822	0.604279	0.488953	0.707614	0.436779
0	0	0	0	1	0
0.758947	0.477133	0.584523	0.510851	0.600145	0.488394	0.699701	0.439264
0	0	0	0	1	0
0.757274	0.475276	0.575558	0.503971	0.604447	0.487589	0.705043	0.438213
0	0	0	0	1	0
0.759432	0.476217	0.579456	0.500000	0.610822	0.489738	0.707268	0.438294
0	0	0	0	1	0
0.756365	0.474083	0.589578	0.503168	0.600549	0.491257	0.709482	0.439059
0	0	0	0	1	0
0.762293	0.476715	0.574116	0.501317	0.599343	0.485524	0.705796	0.435963
0	0	0	0	1	0
0.765759	0.475349	0.588565	0.503976	0.603795	0.489627	0.693586	0.437464
0	0	0	0	1	0
0.758241	0.476682	0.578147	0.501050	0.602354	0.490864	0.699127	0.434975
0	0	0	0	1	0
0.753459	0.481090	0.584556	0.507761	0.605115	0.487076	0.712606	0.435834
0	0	0	0	1	0
0.759468	0.474493	0.577476	0.511805	0.605670	0.488396	0.704266	0.440884
0	0	0	0	1	0
0.759143	0.478627	0.570221	0.499539	0.602621	0.487486	0.703994	0.434736
0	0	0	0	1	0
0.763756	0.479716	0.584664	0.502127	0.610274	0.490192	0.709055	0.434151
0	0	0	0	1	0
0.758306	0.479468	0.590099	0.498189	0.611320	0.490641	0.706244	0.436371
0	0	0	0	1	0
0.756586	0.475089	0.579822	0.505086	0.608368	0.489572	0.698563	0.434117
0	0	0	0	1	0
0.752814	0.478837	0.587019	0.509890	0.606521	0.487343	0.707012	0.437798
0	0	0	0	1	0
0.760263	0.478288	0.582701	0.509355	0.606149	0.489279	0.697882	0.436455
0	0	0	0	1	0
0.764159	0.481765	0.581419	0.507399	0.615600	0.489919	0.709187	0.437920
0	0	0	0	1	0
0.754915	0.475804	0.593365	0.501374	0.606699	0.487781	0.703562	0.436699
0	0	0	0	1	0
0.762009	0.476659	0.581037	0.505548	0.607614	0.492570	0.707682	0.435543
0	0	0	0	1	0
0.753766	0.478881	0.594777	0.504390	0.604872	0.488643	0.701276	0.438603
0	0	0	0	1	0
0.754530	0.478585	0.577853	0.504364	0.604548	0.489861	0.704925	0.436037
0	0	0	0	1	0
0.761642	0.479260	0.577526	0.505263	0.606780	0.487432	0.699128	0.435703
0	0	0	0	1	0
0.755767	0.480136	0.573733	0.501576	0.610798	0.488417	0.704242	0.437722
0	0	0	0	1	0
0.763990	0.481107	0.579092	0.505060	0.610986	0.485594	0.703378	0.440617
0	0	0	0	1	0
0.763186	0.474551	0.581731	0.506104	0.609992	0.488975	0.701572	0.438734
0	0	0	0	1	0
0.759006	0.475646	0.581657	0.486174	0.601350	0.489119	0.706536	0.436658
0	0	0	0	1	0
0.753163	0.476671	0.589835	0.509410	0.605999	0.490569	0.705550	0.436417
0	0	0	0	1	0
0.755446	0.479517	0.578366	0.519212	0.604401	0.490910	0.707945	0.439112
0	0	0	0	1	0
0.755659	0.477341	0.577965	0.506153	0.610115	0.492712	0.708266	0.436735
0	0	0	0	1	0
0.762815	0.474706	0.581261	0.503148	0.605613	0.492569	0.701891	0.433391
0	0	0	0	1	0
0.756053	0.477491	0.581076	0.502573	0.595675	0.485349	0.705251	0.439119
0	0	0	0	1	0
0.757441	0.479581	0.584551	0.506997	0.606114	0.486905	0.703665	0.433748
0	0	0	0	1	0
0.752404	0.478199	0.582071	0.502577	0.607655	0.489124	0.705221	0.435190
0	0	0	0	1	0
0.761812	0.476577	0.590744	0.507755	0.607724	0.486463	0.701358	0.437572
0	0	0	0	1	0
0.758530	0.477047	0.575946	0.506845	0.602071	0.483863	0.704186	0.436969
0	0	0	0	1	0
0.759881	0.476857	0.577314	0.501704	0.608857	0.487043	0.719585	0.438838
0	0	0	0	1	0
0.759794	0.483628	0.583761	0.501419	0.615380	0.488793	0.710204	0.435429
0	0	0	0	1	0
0.758783	0.476154	0.577461	0.500000	0.608073	0.488163	0.699833	0.434430
0	0	0	0	1	0
0.754548	0.477085	0.578802	0.505583	0.605391	0.486122	0.700428	0.438390
0	0	0	0	1	0
0.761238	0.477451	0.566505	0.508776	0.599842	0.486744	0.711646	0.434023
0	0	0	0	1	0
0.761349	0.476302	0.575119	0.506548	0.605022	0.487635	0.706443	0.439315
0	0	0	0	1	0
0.756846	0.476721	0.576027	0.503913	0.605885	0.486775	0.704145	0.436121
0	0	0	0	1	0
0.757295	0.475194	0.573486	0.501901	0.611658	0.491184	0.706927	0.437348
0	0	0	0	1	0
0.759032	0.474606	0.590447	0.506040	0.605849	0.490410	0.712209	0.437892
0	0	0	0	1	0
0.764168	0.474258	0.585336	0.506310	0.600417	0.489136	0.707674	0.437189
0	0	0	0	1	0
0.761207	0.475012	0.572389	0.508921	0.596842	0.489248	0.697532	0.437695
0	0	0	0	1	0
0.756488	0.478338	0.585556	0.507512	0.600899	0.489286	0.706510	0.435552
0	0	0	0	1	0
0.764715	0.475576	0.572950	0.498219	0.608177	0.490688	0.700732	0.437328
0	0	0	0	1	0
0.756116	0.478860	0.581573	0.502486	0.609374	0.490504	0.701487	0.434240
0	0	0	0	1	0
0.757134	0.476465	0.589811	0.504338	0.604800	0.487726	0.706265	0.440597
0	0	0	0	1	0
0.755554	0.478030	0.582294	0.500468	0.600981	0.488678	0.696432	0.434131
0	0	0	0	1	0
0.764286	0.474547	0.585409	0.501634	0.603437	0.490652	0.705401	0.432021
0	0	0	0	1	0
0.759833	0.479053	0.575824	0.498952	0.609034	0.487237	0.697354	0.439194
0	0	0	0	1	0
0.755304	0.477577	0.580418	0.504657	0.612962	0.490074	0.700228	0.429829
0	0	0	0	1	0
0.758620	0.476397	0.585538	0.500778	0.603430	0.487698	0.710837	0.435813
0	0	0	0	1	0
0.757810	0.478983	0.586664	0.505591	0.604098	0.482150	0.704858	0.437987
0	0	0	0	1	0
0.754966	0.477912	0.584619	0.507133	0.604029	0.481357	0.701861	0.437812
0	0	0	0	1	0
0.754018	0.478721	0.573382	0.501407	0.609478	0.487326	0.701418	0.438951
0	0	0	0	1	0
0.758128	0.481153	0.584616	0.506197	0.599748	0.488098	0.704171	0.437398
0	0	0	0	1	0
0.760847	0.474932	0.576751	0.504226	0.600547	0.487449	0.709340	0.432678
0	0	0	0	1	0
0.763503	0.472135	0.589155	0.502465	0.604489	0.486151	0.698555	0.433686
0	0	0	0	1	0
0.760486	0.478356	0.588280	0.504063	0.612524	0.491569	0.703669	0.432740
0	0	0	0	1	0
0.763329	0.475803	0.577203	0.505589	0.609499	0.488376	0.703293	0.437253
0	0	0	0	1	0
0.759316	0.477825	0.590170	0.519889	0.598694	0.482912	0.703449	0.438722
0	0	0	0	1	0
0.759696	0.473446	0.582199	0.501067	0.611602	0.483220	0.701922	0.437870
0	0	0	0	1	0
0.762932	0.477710	0.584726	0.503096	0.613792	0.485817	0.703663	0.436937
0	0	0	0	1	0
0.759362	0.476245	0.584217	0.506378	0.613980	0.485668	0.708082	0.439980
0	0	0	0	1	0
0.765538	0.476592	0.567603	0.502943	0.598325	0.487141	0.700604	0.435783
0	0	0	0	1	0
0.755530	0.481423	0.588363	0.501521	0.605538	0.492894	0.707312	0.436197
0	0	0	0	1	0
0.757841	0.473935	0.582196	0.505790	0.607411	0.492598	0.710863	0.435263
0	0	0	0	1	0
0.763087	0.477505	0.585053	0.507447	0.610705	0.487451	0.708878	0.435962
0	0	0	0	1	0
0.752883	0.480559	0.578937	0.504297	0.600547	0.487517	0.700058	0.441063
0	0	0	0	1	0
0.756703	0.477869	0.574025	0.519362	0.601787	0.490557	0.702089	0.438021
0	0	0	0	1	0
0.762060	0.477269	0.593153	0.502826	0.603567	0.490754	0.703031	0.438174
0	0	0	0	1	0
0.756186	0.474849	0.577797	0.502210	0.604261	0.488482	0.705361	0.439886
0	0	0	0	1	0
0.756757	0.478740	0.565686	0.505299	0.602430	0.492914	0.702529	0.435228
0	0	0	0	1	0
0.622866	0.509547	0.540503	0.500400	0.774988	0.488071	0.636868	0.523171
0	0	0	0	0	1
0.628396	0.503162	0.533350	0.496045	0.769062	0.490524	0.635614	0.520311
0	0	0	0	0	1
0.624672	0.504599	0.552188	0.501362	0.779133	0.496228	0.642827	0.525284
0	0	0	0	0	1
0.616234	0.508604	0.526746	0.506729	0.767702	0.489434	0.638780	0.520901
0	0	0	0	0	1
0.628453	0.505878	0.532708	0.498845	0.777411	0.490498	0.635367	0.517548
0	0	0	0	0	1
0.627903	0.504558	0.549364	0.505190	0.760990	0.487708	0.634973	0.523527
0	0	0	0	0	1
0.629480	0.506617	0.532461	0.502720	0.769808	0.491579	0.641762	0.522969
0	0	0	0	0	1
0.622702	0.504912	0.534822	0.497095	0.774527	0.492693	0.648193	0.524372
0	0	0	0	0	1
0.621234	0.508700	0.542468	0.503564	0.760007	0.492703	0.633014	0.524503
0	0	0	0	0	1
0.624943	0.501049	0.535504	0.494556	0.766758	0.492844	0.637142	0.522683
0	0	0	0	0	1
0.617760	0.505387	0.539348	0.500412	0.762016	0.491335	0.639758	0.520881
0	0	0	0	0	1
0.622313	0.502492	0.525692	0.501038	0.773132	0.495454	0.638613	0.505131
0	0	0	0	0	1
0.622419	0.504925	0.537683	0.501220	0.764891	0.490124	0.636190	0.519783
0	0	0	0	0	1
0.624710	0.504512	0.543515	0.501557	0.774071	0.487781	0.631769	0.524240
0	0	0	0	0	1
0.621348	0.507071	0.542655	0.500394	0.769623	0.492885	0.638355	0.523652
0	0	0	0	0	1
0.625021	0.505585	0.541926	0.496568	0.765087	0.489914	0.640407	0.520009
0	0	0	0	0	1
0.626226	0.502125	0.527107	0.495701	0.769313	0.487727	0.640279	0.521048
0	0	0	0	0	1
0.627152	0.500227	0.548022	0.500000	0.771271	0.489018	0.634661	0.520531
0	0	0	0	0	1
0.628896	0.499623	0.537418	0.501784	0.776402	0.491716	0.635946	0.525214
0	0	0	0	0	1
0.627752	0.509406	0.536050	0.502104	0.773098	0.488906	0.635461	0.526953
0	0	0	0	0	1
0.621707	0.503479	0.538336	0.498481	0.772031	0.489391	0.633241	0.521985
0	0	0	0	0	1
0.628039	0.502034	0.538870	0.499528	0.769293	0.489787	0.634457	0.520630
0	0	0	0	0	1
0.624700	0.502712	0.533398	0.506638	0.778294	0.489014	0.633451	0.517693
0	0	0	0	0	1
0.619381	0.508591	0.531855	0.498583	0.772463	0.489914	0.638462	0.523585
0	0	0	0	0	1
0.623516	0.503634	0.533230	0.501327	0.774794	0.489855	0.637149	0.523282
0	0	0	0	0	1
0.621950	0.504296	0.544952	0.502884	0.773600	0.489032	0.636716	0.525480
0	0	0	0	0	1
0.626061	0.502332	0.523509	0.496519	0.775866	0.493276	0.634427	0.522118
0	0	0	0	0	1
0.631094	0.509546	0.541802	0.501559	0.768693	0.489808	0.636652	0.518772
0	0	0	0	0	1
0.619449	0.505644	0.539433	0.502809	0.766112	0.488545	0.642315	0.523150
0	0	0	0	0	1
0.622178	0.503341	0.531245	0.500471	0.773019	0.491923	0.642343	0.522268
0	0	0	0	0	1
0.626473	0.506252	0.538161	0.506354	0.771395	0.492390	0.635258	0.520263
0	0	0	0	0	1
0.623111	0.503388	0.527111	0.504089	0.769382	0.490075	0.635562	0.524436
0	0	0	0	0	1
0.621126	0.507862	0.542115	0.501881	0.777140	0.493439	0.646029	0.526394
0	0	0	0	0	1
0.625705	0.507368	0.540815	0.499325	0.775377	0.494263	0.637125	0.520961
0	0	0	0	0	1
0.625105	0.504115	0.540037	0.504270	0.768268	0.486945	0.641438	0.526415
0	0	0	0	0	1
0.620723	0.502801	0.541892	0.516138	0.764904	0.492744	0.637591	0.524092
0	0	0	0	0	1
0.628752	0.500983	0.541567	0.502330	0.769718	0.490366	0.631498	0.522771
0	0	0	0	0	1
0.627008	0.503600	0.540073	0.503727	0.767553	0.495038	0.633096	0.522919
0	0	0	0	0	1
0.624199	0.508621	0.538640	0.502000	0.765224	0.492470	0.636221	0.525050
0	0	0	0	0	1
0.624020	0.485168	0.539884	0.501286	0.771314	0.488962	0.635590	0.526255
0	0	0	0	0	1
0.628071	0.505250	0.534207	0.504665	0.779211	0.492153	0.639133	0.522649
0	0	0	0	0	1
0.623258	0.507263	0.533816	0.501492	0.768946	0.492084	0.642623	0.523196
0	0	0	0	0	1
0.627091	0.501649	0.523986	0.503000	0.767317	0.486933	0.631730	0.523451
0	0	0	0	0	1
0.621905	0.503818	0.534873	0.502837	0.767317	0.490679	0.633465	0.523839
0	0	0	0	0	1
0.625542	0.510080	0.539590	0.498154	0.775328	0.492592	0.635203	0.522433
0	0	0	0	0	1
0.615992	0.501189	0.545832	0.497401	0.767472	0.492172	0.635441	0.524850
0	0	0	0	0	1
0.630133	0.503866	0.534432	0.517613	0.762971	0.491473	0.636952	0.525850
0	0	0	0	0	1
0.626751	0.504641	0.531063	0.508441	0.769570	0.490496	0.642558	0.525840
0	0	0	0	0	1
0.627055	0.508099	0.529670	0.498488	0.774926	0.493377	0.633313	0.525643
0	0	0	0	0	1
0.620684	0.503350	0.546637	0.498357	0.775769	0.494225	0.636535	0.525252
0	0	0	0	0	1
0.627006	0.505026	0.543424	0.503675	0.762401	0.485671	0.636935	0.518055
0	0	0	0	0	1
0.621264	0.506535	0.539616	0.500871	0.766852	0.487155	0.639360	0.536626
0	0	0	0	0	1
0.625054	0.505106	0.533958	0.504821	0.773739	0.493142	0.635809	0.521254
0	0	0	0	0	1
0.628352	0.505710	0.539327	0.503838	0.766303	0.489763	0.639508	0.522673
0	0	0	0	0	1
0.626381	0.503494	0.531840	0.501888	0.767902	0.490225	0.638457	0.527657
0	0	0	0	0	1
0.617971	0.502957	0.535813	0.518239	0.769000	0.494177	0.636945	0.525189
0	0	0	0	0	1
0.624518	0.501784	0.535895	0.502189	0.780376	0.493362	0.638201	0.525225
0	0	0	0	0	1
0.624765	0.504168	0.543048	0.508416	0.763205	0.492544	0.635175	0.522129
0	0	0	0	0	1
0.624543	0.504360	0.555114	0.502568	0.769058	0.489615	0.634200	0.524755
0	0	0	0	0	1
0.625584	0.505379	0.522960	0.500560	0.780841	0.494233	0.638707	0.521652
0	0	0	0	0	1
0.626633	0.505854	0.520802	0.500953	0.762224	0.493956	0.638026	0.523313
0	0	0	0	0	1
0.622489	0.505155	0.520561	0.498292	0.768805	0.488905	0.635661	0.527637
0	0	0	0	0	1
0.626328	0.505529	0.547533	0.505300	0.768076	0.487015	0.638065	0.526285
0	0	0	0	0	1
0.626100	0.501190	0.537887	0.501835	0.774992	0.493354	0.631816	0.522590
0	0	0	0	0	1
0.627551	0.504163	0.536332	0.501671	0.765789	0.491359	0.631588	0.524957
0	0	0	0	0	1
0.625753	0.500994	0.547438	0.500157	0.767225	0.491852	0.634237	0.520075
0	0	0	0	0	1
0.626992	0.507112	0.540457	0.504256	0.773868	0.494057	0.639551	0.528983
0	0	0	0	0	1
0.621130	0.504062	0.543304	0.498546	0.765101	0.489390	0.639498	0.523973
0	0	0	0	0	1
0.629174	0.505535	0.529880	0.497688	0.762389	0.489712	0.639286	0.524224
0	0	0	0	0	1
0.625048	0.507350	0.540801	0.505881	0.772332	0.489564	0.638298	0.523680
0	0	0	0	0	1
0.623290	0.504599	0.540548	0.504617	0.777987	0.492796	0.623535	0.522785
0	0	0	0	0	1
0.628163	0.504605	0.524905	0.502314	0.771200	0.486225	0.636576	0.521498
0	0	0	0	0	1
0.628079	0.502335	0.546986	0.507819	0.772694	0.488238	0.635260	0.521882
0	0	0	0	0	1
0.619064	0.501905	0.529900	0.515438	0.775843	0.492957	0.637588	0.523506
0	0	0	0	0	1
0.624995	0.502738	0.539217	0.495637	0.779083	0.491241	0.636376	0.520818
0	0	0	0	0	1
0.626161	0.503878	0.536582	0.494412	0.773497	0.493432	0.641973	0.525341
0	0	0	0	0	1
0.626376	0.504757	0.528783	0.503466	0.774943	0.487117	0.630809	0.525131
0	0	0	0	0	1
0.627402	0.501561	0.550602	0.502726	0.778506	0.491213	0.637976	0.526366
0	0	0	0	0	1
0.617101	0.503057	0.538179	0.482070	0.780712	0.492016	0.639990	0.518689
0	0	0	0	0	1
0.623328	0.507171	0.533393	0.502030	0.776609	0.488490	0.639719	0.522800
0	0	0	0	0	1
0.623722	0.504513	0.544562	0.501735	0.780646	0.490739	0.635038	0.523883
0	0	0	0	0	1
0.624193	0.503369	0.536773	0.499922	0.777377	0.491562	0.633339	0.520811
0	0	0	0	0	1
0.626327	0.506811	0.537276	0.503645	0.778540	0.489887	0.637182	0.521638
0	0	0	0	0	1
0.622167	0.503851	0.541778	0.481495	0.772778	0.493973	0.641044	0.527871
0	0	0	0	0	1
0.620794	0.509387	0.532453	0.504090	0.778126	0.491139	0.641407	0.526019
0	0	0	0	0	1
0.626851	0.502255	0.539428	0.513576	0.771601	0.492218	0.635351	0.520828
0	0	0	0	0	1
0.627013	0.504135	0.533401	0.497606	0.771983	0.490257	0.642274	0.523732
0	0	0	0	0	1
0.622297	0.512768	0.549739	0.486053	0.770317	0.489987	0.629247	0.525106
0	0	0	0	0	1
0.621673	0.505443	0.530289	0.519700	0.770603	0.490996	0.640974	0.521830
0	0	0	0	0	1
0.622076	0.507933	0.539197	0.500477	0.782339	0.491904	0.632795	0.524892
0	0	0	0	0	1
0.627259	0.507516	0.542938	0.499923	0.774278	0.490660	0.638025	0.524155
0	0	0	0	0	1
0.618493	0.506777	0.545839	0.519442	0.762039	0.489028	0.635830	0.521217
0	0	0	0	0	1
0.618651	0.503677	0.549377	0.485103	0.774231	0.492596	0.635131	0.523005
0	0	0	0	0	1
0.628617	0.504425	0.528240	0.499296	0.773075	0.492694	0.636513	0.520830
0	0	0	0	0	1
0.628097	0.501884	0.535600	0.502354	0.764998	0.494685	0.634237	0.522676
0	0	0	0	0	1
0.622504	0.506190	0.538480	0.499616	0.772736	0.491166	0.636425	0.523427
0	0	0	0	0	1
0.623726	0.501359	0.528340	0.500157	0.767372	0.491194	0.635341	0.523978
0	0	0	0	0	1
0.629685	0.501063	0.541713	0.502606	0.774638	0.492852	0.639614	0.521513
0	0	0	0	0	1
0.627607	0.505593	0.555324	0.501277	0.764107	0.488769	0.641003	0.526603
0	0	0	0	0	1
0.617955	0.505731	0.538751	0.503660	0.765112	0.490845	0.639065	0.522107
0	0	0	0	0	1
0.624281	0.504540	0.532705	0.500393	0.771350	0.489601	0.635838	0.523404
0	0	0	0	0	1
0.622260	0.506075	0.537277	0.503591	0.775302	0.494191	0.641155	0.523219
0	0	0	0	0	1
0.636281	0.504831	0.543268	0.499531	0.776416	0.493427	0.647300	0.518449
0	0	0	0	0	1
0.629889	0.505597	0.531395	0.498433	0.763803	0.492725	0.637122	0.522903
0	0	0	0	0	1
0.628845	0.498861	0.546255	0.499452	0.764613	0.494946	0.646366	0.523280
0	0	0	0	0	1
0.626696	0.505287	0.542029	0.502135	0.776884	0.490647	0.641025	0.525945
0	0	0	0	0	1
0.621718	0.502291	0.531319	0.501439	0.777092	0.490149	0.638079	0.521435
0	0	0	0	0	1
0.624285	0.503054	0.531505	0.499517	0.767019	0.486437	0.641211	0.519812
0	0	0	0	0	1
0.627497	0.506068	0.544860	0.500697	0.765309	0.493682	0.637854	0.520827
0	0	0	0	0	1
0.631667	0.502108	0.540870	0.506807	0.777417	0.492882	0.632175	0.523357
0	0	0	0	0	1
0.622720	0.506138	0.534223	0.496872	0.770079	0.492300	0.640765	0.519130
0	0	0	0	0	1
0.630025	0.501884	0.545348	0.502844	0.768727	0.489050	0.636341	0.525115
0	0	0	0	0	1
0.627364	0.506390	0.535114	0.501601	0.766091	0.495900	0.637046	0.525479
0	0	0	0	0	1
0.626181	0.504057	0.532483	0.516868	0.778867	0.492063	0.640221	0.522969
0	0	0	0	0	1
0.626767	0.504380	0.541706	0.501026	0.764443	0.493133	0.635265	0.524917
0	0	0	0	0	1
0.629059	0.508379	0.532493	0.501876	0.775886	0.487506	0.633848	0.522546
0	0	0	0	0	1
0.618594	0.505165	0.536273	0.501523	0.775067	0.493712	0.631690	0.521988
0	0	0	0	0	1
0.631746	0.506487	0.540336	0.499451	0.774882	0.488871	0.631980	0.521311
0	0	0	0	0	1
0.625234	0.507675	0.539821	0.502522	0.768766	0.490297	0.637808	0.525394
0	0	0	0	0	1
0.623676	0.507625	0.534609	0.498646	0.766383	0.489543	0.643747	0.523973
0	0	0	0	0	1
0.625902	0.504063	0.530851	0.497811	0.774300	0.494543	0.639391	0.526218
0	0	0	0	0	1
0.628403	0.503857	0.539918	0.502821	0.774168	0.491384	0.641229	0.525795
0	0	0	0	0	1
0.627931	0.503759	0.546396	0.504656	0.772116	0.492922	0.638028	0.522074
0	0	0	0	0	1
0.626065	0.505823	0.538244	0.494947	0.764343	0.489174	0.637179	0.521612
0	0	0	0	0	1
0.623915	0.502686	0.537678	0.502131	0.771262	0.491745	0.640078	0.524909
0	0	0	0	0	1
0.626719	0.505609	0.536802	0.483432	0.776739	0.490769	0.636152	0.523675
0	0	0	0	0	1
0.621178	0.502075	0.546211	0.498662	0.779469	0.490979	0.642370	0.523777
0	0	0	0	0	1
0.625800	0.505430	0.535832	0.503034	0.781348	0.494178	0.642380	0.524471
0	0	0	0	0	1
0.627003	0.507230	0.528364	0.500855	0.767939	0.488375	0.630465	0.521697
0	0	0	0	0	1
0.620964	0.506674	0.542750	0.501555	0.772896	0.488503	0.638933	0.525308
0	0	0	0	0	1
0.626508	0.506417	0.531349	0.500644	0.777940	0.491045	0.642155	0.523412
0	0	0	0	0	1
0.623845	0.506867	0.541579	0.504447	0.766677	0.485645	0.641921	0.523039
0	0	0	0	0	1
0.637219	0.504181	0.546487	0.501428	0.768353	0.488630	0.636644	0.524056
0	0	0	0	0	1
0.626723	0.502103	0.544330	0.485772	0.776763	0.490117	0.635653	0.537400
0	0	0	0	0	1
0.626728	0.503297	0.538180	0.506199	0.767515	0.490539	0.640472	0.521470
0	0	0	0	0	1
0.626854	0.507601	0.527823	0.504010	0.765789	0.491831	0.635683	0.522460
0	0	0	0	0	1
0.630034	0.504119	0.537491	0.502819	0.764740	0.491413	0.636705	0.519053
0	0	0	0	0	1
0.619821	0.508023	0.536269	0.498065	0.771532	0.490245	0.637407	0.523079
0	0	0	0	0	1
0.625731	0.502621	0.521269	0.495525	0.773453	0.495527	0.642240	0.522645
0	0	0	0	0	1
0.632030	0.506686	0.533279	0.497432	0.762338	0.489467	0.643266	0.521881
0	0	0	0	0	1
0.628467	0.500987	0.529673	0.499920	0.776233	0.491051	0.642109	0.526072
0	0	0	0	0	1
0.621027	0.484361	0.532828	0.506044	0.779705	0.493870	0.643194	0.523940
0	0	0	0	0	1
0.622546	0.505599	0.531336	0.496440	0.774911	0.491570	0.642768	0.526280
0	0	0	0	0	1
0.625115	0.506360	0.538056	0.503420	0.769423	0.489438	0.642779	0.523821
0	0	0	0	0	1
0.621081	0.502128	0.539047	0.506477	0.765414	0.490367	0.634323	0.522056
0	0	0	0	0	1
0.626444	0.504301	0.537533	0.502344	0.778613	0.490925	0.638017	0.522604
0	0	0	0	0	1
0.621051	0.505249	0.537154	0.502714	0.774755	0.492087	0.640762	0.523337
0	0	0	0	0	1
0.628137	0.502796	0.532943	0.499766	0.767672	0.493711	0.638352	0.525060
0	0	0	0	0	1
0.621890	0.502399	0.544406	0.500779	0.767413	0.490187	0.638536	0.522498
0	0	0	0	0	1
0.620851	0.501665	0.532514	0.501267	0.774789	0.490822	0.639595	0.520989
0	0	0	0	0	1
